-5 50.1784
-4.99 49.6318
-4.98 49.0892
-4.97 48.5508
-4.96 48.0165
-4.95 47.4862
-4.94 46.96
-4.93 46.4378
-4.92 45.9196
-4.91 45.4055
-4.9 44.8953
-4.89 44.389
-4.88 43.8867
-4.87 43.3884
-4.86 42.8939
-4.85 42.4033
-4.84 41.9165
-4.83 41.4337
-4.82 40.9546
-4.81 40.4793
-4.8 40.0079
-4.79 39.5402
-4.78 39.0762
-4.77 38.616
-4.76 38.1595
-4.75 37.7066
-4.74 37.2575
-4.73 36.812
-4.72 36.3702
-4.71 35.932
-4.7 35.4973
-4.69 35.0663
-4.68 34.6388
-4.67 34.2149
-4.66 33.7945
-4.65 33.3776
-4.64 32.9642
-4.63 32.5543
-4.62 32.1478
-4.61 31.7448
-4.6 31.3452
-4.59 30.949
-4.58 30.5562
-4.57 30.1668
-4.56 29.7807
-4.55 29.3979
-4.54 29.0185
-4.53 28.6423
-4.52 28.2695
-4.51 27.8999
-4.5 27.5335
-4.49 27.1704
-4.48 26.8104
-4.47 26.4537
-4.46 26.1002
-4.45 25.7498
-4.44 25.4025
-4.43 25.0584
-4.42 24.7174
-4.41 24.3794
-4.4 24.0446
-4.39 23.7128
-4.38 23.384
-4.37 23.0583
-4.36 22.7355
-4.35 22.4158
-4.34 22.099
-4.33 21.7852
-4.32 21.4743
-4.31 21.1663
-4.3 20.8613
-4.29 20.5591
-4.28 20.2598
-4.27 19.9634
-4.26 19.6698
-4.25 19.379
-4.24 19.091
-4.23 18.8058
-4.22 18.5234
-4.21 18.2438
-4.2 17.9669
-4.19 17.6927
-4.18 17.4212
-4.17 17.1524
-4.16 16.8863
-4.15 16.6229
-4.14 16.3621
-4.13 16.1039
-4.12 15.8484
-4.11 15.5954
-4.1 15.3451
-4.09 15.0973
-4.08 14.852
-4.07 14.6093
-4.06 14.3691
-4.05 14.1314
-4.04 13.8962
-4.03 13.6635
-4.02 13.4333
-4.01 13.2054
-4 12.9801
-3.99 12.7571
-3.98 12.5365
-3.97 12.3183
-3.96 12.1025
-3.95 11.889
-3.94 11.6778
-3.93 11.469
-3.92 11.2625
-3.91 11.0583
-3.9 10.8564
-3.89 10.6567
-3.88 10.4593
-3.87 10.2641
-3.86 10.0711
-3.85 9.88032
-3.84 9.69173
-3.83 9.50533
-3.82 9.32108
-3.81 9.13899
-3.8 8.95902
-3.79 8.78117
-3.78 8.60542
-3.77 8.43177
-3.76 8.26019
-3.75 8.09066
-3.74 7.92319
-3.73 7.75775
-3.72 7.59432
-3.71 7.4329
-3.7 7.27347
-3.69 7.11602
-3.68 6.96053
-3.67 6.80699
-3.66 6.65538
-3.65 6.5057
-3.64 6.35792
-3.63 6.21203
-3.62 6.06803
-3.61 5.92589
-3.6 5.78561
-3.59 5.64716
-3.58 5.51054
-3.57 5.37574
-3.56 5.24273
-3.55 5.11151
-3.54 4.98206
-3.53 4.85438
-3.52 4.72844
-3.51 4.60423
-3.5 4.48174
-3.49 4.36096
-3.48 4.24187
-3.47 4.12447
-3.46 4.00873
-3.45 3.89465
-3.44 3.78221
-3.43 3.6714
-3.42 3.5622
-3.41 3.45462
-3.4 3.34862
-3.39 3.2442
-3.38 3.14135
-3.37 3.04005
-3.36 2.9403
-3.35 2.84207
-3.34 2.74536
-3.33 2.65015
-3.32 2.55644
-3.31 2.4642
-3.3 2.37344
-3.29 2.28412
-3.28 2.19625
-3.27 2.10982
-3.26 2.0248
-3.25 1.94118
-3.24 1.85897
-3.23 1.77813
-3.22 1.69867
-3.21 1.62057
-3.2 1.54381
-3.19 1.46839
-3.18 1.39429
-3.17 1.32151
-3.16 1.25003
-3.15 1.17983
-3.14 1.11092
-3.13 1.04326
-3.12 0.97687
-3.11 0.911718
-3.1 0.847798
-3.09 0.785098
-3.08 0.723608
-3.07 0.663317
-3.06 0.604212
-3.05 0.546283
-3.04 0.489519
-3.03 0.433909
-3.02 0.379441
-3.01 0.326105
-3 0.27389
-2.99 0.222785
-2.98 0.172779
-2.97 0.123861
-2.96 0.0760212
-2.95 0.029248
-2.94 -0.016469
-2.93 -0.0611405
-2.92 -0.104777
-2.91 -0.147389
-2.9 -0.188987
-2.89 -0.229581
-2.88 -0.269182
-2.87 -0.307801
-2.86 -0.345447
-2.85 -0.38213
-2.84 -0.417862
-2.83 -0.452652
-2.82 -0.48651
-2.81 -0.519447
-2.8 -0.551472
-2.79 -0.582596
-2.78 -0.612828
-2.77 -0.642179
-2.76 -0.670658
-2.75 -0.698274
-2.74 -0.725039
-2.73 -0.750962
-2.72 -0.776051
-2.71 -0.800318
-2.7 -0.823772
-2.69 -0.846421
-2.68 -0.868277
-2.67 -0.889347
-2.66 -0.909642
-2.65 -0.929171
-2.64 -0.947944
-2.63 -0.965969
-2.62 -0.983257
-2.61 -0.999815
-2.6 -1.01565
-2.59 -1.03078
-2.58 -1.04521
-2.57 -1.05895
-2.56 -1.072
-2.55 -1.08437
-2.54 -1.09609
-2.53 -1.10714
-2.52 -1.11755
-2.51 -1.12732
-2.5 -1.13646
-2.49 -1.14497
-2.48 -1.15288
-2.47 -1.16018
-2.46 -1.16688
-2.45 -1.173
-2.44 -1.17854
-2.43 -1.18351
-2.42 -1.18792
-2.41 -1.19177
-2.4 -1.19508
-2.39 -1.19785
-2.38 -1.20009
-2.37 -1.20182
-2.36 -1.20303
-2.35 -1.20373
-2.34 -1.20394
-2.33 -1.20367
-2.32 -1.20291
-2.31 -1.20168
-2.3 -1.19998
-2.29 -1.19783
-2.28 -1.19523
-2.27 -1.19219
-2.26 -1.18872
-2.25 -1.18482
-2.24 -1.1805
-2.23 -1.17578
-2.22 -1.17065
-2.21 -1.16512
-2.2 -1.15921
-2.19 -1.15291
-2.18 -1.14625
-2.17 -1.13921
-2.16 -1.13182
-2.15 -1.12408
-2.14 -1.11599
-2.13 -1.10757
-2.12 -1.09881
-2.11 -1.08974
-2.1 -1.08034
-2.09 -1.07064
-2.08 -1.06064
-2.07 -1.05034
-2.06 -1.03975
-2.05 -1.02888
-2.04 -1.01774
-2.03 -1.00633
-2.02 -0.994655
-2.01 -0.982728
-2 -0.970552
-1.99 -0.958135
-1.98 -0.945483
-1.97 -0.932602
-1.96 -0.919499
-1.95 -0.906179
-1.94 -0.89265
-1.93 -0.878918
-1.92 -0.864989
-1.91 -0.850869
-1.9 -0.836563
-1.89 -0.82208
-1.88 -0.807423
-1.87 -0.7926
-1.86 -0.777616
-1.85 -0.762478
-1.84 -0.74719
-1.83 -0.73176
-1.82 -0.716192
-1.81 -0.700493
-1.8 -0.684668
-1.79 -0.668723
-1.78 -0.652663
-1.77 -0.636495
-1.76 -0.620223
-1.75 -0.603853
-1.74 -0.58739
-1.73 -0.570841
-1.72 -0.55421
-1.71 -0.537502
-1.7 -0.520723
-1.69 -0.503879
-1.68 -0.486973
-1.67 -0.470012
-1.66 -0.453001
-1.65 -0.435944
-1.64 -0.418847
-1.63 -0.401714
-1.62 -0.384551
-1.61 -0.367362
-1.6 -0.350152
-1.59 -0.332926
-1.58 -0.315689
-1.57 -0.298446
-1.56 -0.2812
-1.55 -0.263957
-1.54 -0.246722
-1.53 -0.229498
-1.52 -0.212291
-1.51 -0.195104
-1.5 -0.177942
-1.49 -0.16081
-1.48 -0.143712
-1.47 -0.126652
-1.46 -0.109634
-1.45 -0.092663
-1.44 -0.0757423
-1.43 -0.0588764
-1.42 -0.0420693
-1.41 -0.025325
-1.4 -0.00864741
-1.39 0.00795946
-1.38 0.0244918
-1.37 0.0409457
-1.36 0.0573173
-1.35 0.0736031
-1.34 0.0897992
-1.33 0.105902
-1.32 0.121908
-1.31 0.137813
-1.3 0.153614
-1.29 0.169308
-1.28 0.184891
-1.27 0.200359
-1.26 0.21571
-1.25 0.23094
-1.24 0.246045
-1.23 0.261023
-1.22 0.27587
-1.21 0.290583
-1.2 0.305159
-1.19 0.319596
-1.18 0.333889
-1.17 0.348036
-1.16 0.362034
-1.15 0.375881
-1.14 0.389573
-1.13 0.403107
-1.12 0.416481
-1.11 0.429693
-1.1 0.442738
-1.09 0.455616
-1.08 0.468323
-1.07 0.480857
-1.06 0.493215
-1.05 0.505394
-1.04 0.517393
-1.03 0.529209
-1.02 0.54084
-1.01 0.552284
-1 0.563537
-0.99 0.574599
-0.98 0.585466
-0.97 0.596138
-0.96 0.606611
-0.95 0.616883
-0.94 0.626954
-0.93 0.63682
-0.92 0.646481
-0.91 0.655933
-0.9 0.665176
-0.89 0.674208
-0.88 0.683026
-0.87 0.69163
-0.86 0.700017
-0.85 0.708186
-0.84 0.716136
-0.83 0.723865
-0.82 0.731371
-0.81 0.738653
-0.8 0.745711
-0.79 0.752541
-0.78 0.759144
-0.77 0.765518
-0.76 0.771662
-0.75 0.777575
-0.74 0.783255
-0.73 0.788701
-0.72 0.793913
-0.71 0.79889
-0.7 0.80363
-0.69 0.808133
-0.68 0.812398
-0.67 0.816424
-0.66 0.82021
-0.65 0.823757
-0.64 0.827062
-0.63 0.830125
-0.62 0.832946
-0.61 0.835525
-0.6 0.83786
-0.59 0.839951
-0.58 0.841799
-0.57 0.843402
-0.56 0.84476
-0.55 0.845874
-0.54 0.846742
-0.53 0.847364
-0.52 0.847742
-0.51 0.847873
-0.5 0.847759
-0.49 0.847399
-0.48 0.846793
-0.47 0.845942
-0.46 0.844845
-0.45 0.843503
-0.44 0.841916
-0.43 0.840083
-0.42 0.838007
-0.41 0.835686
-0.4 0.833121
-0.39 0.830313
-0.38 0.827262
-0.37 0.823968
-0.36 0.820432
-0.35 0.816656
-0.34 0.812638
-0.33 0.808381
-0.32 0.803884
-0.31 0.799149
-0.3 0.794176
-0.29 0.788966
-0.28 0.78352
-0.27 0.77784
-0.26 0.771925
-0.25 0.765778
-0.24 0.759399
-0.23 0.752789
-0.22 0.745949
-0.21 0.738881
-0.2 0.731586
-0.19 0.724065
-0.18 0.71632
-0.17 0.708351
-0.16 0.700161
-0.15 0.691751
-0.14 0.683122
-0.13 0.674276
-0.12 0.665214
-0.11 0.655938
-0.1 0.646451
-0.09 0.636752
-0.08 0.626845
-0.07 0.616731
-0.06 0.606412
-0.05 0.59589
-0.04 0.585167
-0.03 0.574244
-0.02 0.563125
-0.01 0.55181
-6.23078e-14 0.540302
0.01 0.528604
0.02 0.516717
0.03 0.504643
0.04 0.492386
0.05 0.479946
0.06 0.467328
0.07 0.454532
0.08 0.441562
0.09 0.42842
0.1 0.415109
0.11 0.401631
0.12 0.387989
0.13 0.374185
0.14 0.360223
0.15 0.346104
0.16 0.331833
0.17 0.317411
0.18 0.302842
0.19 0.288128
0.2 0.273273
0.21 0.25828
0.22 0.243151
0.23 0.22789
0.24 0.2125
0.25 0.196984
0.26 0.181345
0.27 0.165588
0.28 0.149714
0.29 0.133728
0.3 0.117632
0.31 0.101431
0.32 0.0851274
0.33 0.0687254
0.34 0.0522284
0.35 0.03564
0.36 0.0189638
0.37 0.00220374
0.38 -0.0146366
0.39 -0.0315532
0.4 -0.0485425
0.41 -0.0656003
0.42 -0.0827228
0.43 -0.099906
0.44 -0.117146
0.45 -0.134438
0.46 -0.151779
0.47 -0.169164
0.48 -0.18659
0.49 -0.204051
0.5 -0.221544
0.51 -0.239063
0.52 -0.256606
0.53 -0.274167
0.54 -0.291742
0.55 -0.309327
0.56 -0.326916
0.57 -0.344506
0.58 -0.362091
0.59 -0.379667
0.6 -0.39723
0.61 -0.414774
0.62 -0.432294
0.63 -0.449787
0.64 -0.467246
0.65 -0.484667
0.66 -0.502045
0.67 -0.519375
0.68 -0.536652
0.69 -0.55387
0.7 -0.571025
0.71 -0.588112
0.72 -0.605124
0.73 -0.622057
0.74 -0.638906
0.75 -0.655665
0.76 -0.672328
0.77 -0.688891
0.78 -0.705347
0.79 -0.721692
0.8 -0.737919
0.81 -0.754022
0.82 -0.769997
0.83 -0.785838
0.84 -0.801538
0.85 -0.817092
0.86 -0.832494
0.87 -0.847739
0.88 -0.862819
0.89 -0.87773
0.9 -0.892464
0.91 -0.907017
0.92 -0.921382
0.93 -0.935553
0.94 -0.949523
0.95 -0.963286
0.96 -0.976837
0.97 -0.990168
0.98 -1.00327
0.99 -1.01615
1 -1.02878
1.01 -1.04117
1.02 -1.05331
1.03 -1.06519
1.04 -1.07681
1.05 -1.08815
1.06 -1.09921
1.07 -1.11
1.08 -1.12048
1.09 -1.13067
1.1 -1.14056
1.11 -1.15013
1.12 -1.15938
1.13 -1.16831
1.14 -1.1769
1.15 -1.18515
1.16 -1.19305
1.17 -1.2006
1.18 -1.20779
1.19 -1.2146
1.2 -1.22104
1.21 -1.22709
1.22 -1.23276
1.23 -1.23802
1.24 -1.24288
1.25 -1.24732
1.26 -1.25134
1.27 -1.25493
1.28 -1.25808
1.29 -1.26079
1.3 -1.26304
1.31 -1.26484
1.32 -1.26617
1.33 -1.26701
1.34 -1.26738
1.35 -1.26725
1.36 -1.26663
1.37 -1.26549
1.38 -1.26384
1.39 -1.26166
1.4 -1.25895
1.41 -1.2557
1.42 -1.2519
1.43 -1.24754
1.44 -1.24262
1.45 -1.23712
1.46 -1.23104
1.47 -1.22436
1.48 -1.21709
1.49 -1.20921
1.5 -1.20071
1.51 -1.19158
1.52 -1.18182
1.53 -1.17142
1.54 -1.16036
1.55 -1.14865
1.56 -1.13626
1.57 -1.12319
1.58 -1.10944
1.59 -1.09499
1.6 -1.07983
1.61 -1.06395
1.62 -1.04736
1.63 -1.03003
1.64 -1.01195
1.65 -0.993125
1.66 -0.973537
1.67 -0.953178
1.68 -0.932039
1.69 -0.91011
1.7 -0.887382
1.71 -0.863845
1.72 -0.839489
1.73 -0.814306
1.74 -0.788284
1.75 -0.761416
1.76 -0.733689
1.77 -0.705096
1.78 -0.675626
1.79 -0.645269
1.8 -0.614015
1.81 -0.581855
1.82 -0.548777
1.83 -0.514773
1.84 -0.479832
1.85 -0.443943
1.86 -0.407097
1.87 -0.369284
1.88 -0.330492
1.89 -0.290713
1.9 -0.249934
1.91 -0.208147
1.92 -0.16534
1.93 -0.121503
1.94 -0.0766258
1.95 -0.0306971
1.96 0.0162935
1.97 0.0643565
1.98 0.113503
1.99 0.163743
2 0.215088
2.01 0.267549
2.02 0.321136
2.03 0.375861
2.04 0.431735
2.05 0.488768
2.06 0.546972
2.07 0.606357
2.08 0.666935
2.09 0.728718
2.1 0.791715
2.11 0.85594
2.12 0.921402
2.13 0.988114
2.14 1.05609
2.15 1.12533
2.16 1.19586
2.17 1.26768
2.18 1.34081
2.19 1.41526
2.2 1.49104
2.21 1.56817
2.22 1.64664
2.23 1.72648
2.24 1.8077
2.25 1.89031
2.26 1.97432
2.27 2.05974
2.28 2.14659
2.29 2.23487
2.3 2.32461
2.31 2.4158
2.32 2.50847
2.33 2.60263
2.34 2.69828
2.35 2.79545
2.36 2.89414
2.37 2.99436
2.38 3.09613
2.39 3.19946
2.4 3.30437
2.41 3.41086
2.42 3.51895
2.43 3.62865
2.44 3.73997
2.45 3.85293
2.46 3.96754
2.47 4.08381
2.48 4.20176
2.49 4.3214
2.5 4.44273
2.51 4.56578
2.52 4.69056
2.53 4.81708
2.54 4.94535
2.55 5.07538
2.56 5.2072
2.57 5.34081
2.58 5.47623
2.59 5.61346
2.6 5.75253
2.61 5.89345
2.62 6.03623
2.63 6.18088
2.64 6.32741
2.65 6.47585
2.66 6.62621
2.67 6.77849
2.68 6.93271
2.69 7.08889
2.7 7.24704
2.71 7.40718
2.72 7.56931
2.73 7.73345
2.74 7.89962
2.75 8.06783
2.76 8.23809
2.77 8.41042
2.78 8.58484
2.79 8.76135
2.8 8.93997
2.81 9.12071
2.82 9.3036
2.83 9.48864
2.84 9.67584
2.85 9.86523
2.86 10.0568
2.87 10.2506
2.88 10.4467
2.89 10.6449
2.9 10.8454
2.91 11.0482
2.92 11.2533
2.93 11.4607
2.94 11.6704
2.95 11.8824
2.96 12.0968
2.97 12.3135
2.98 12.5326
2.99 12.7541
3 12.9781
3.01 13.2044
3.02 13.4331
3.03 13.6644
3.04 13.898
3.05 14.1342
3.06 14.3729
3.07 14.614
3.08 14.8577
3.09 15.104
3.1 15.3528
3.11 15.6042
3.12 15.8582
3.13 16.1147
3.14 16.3739
3.15 16.6358
3.16 16.9003
3.17 17.1674
3.18 17.4373
3.19 17.7099
3.2 17.9851
3.21 18.2631
3.22 18.5439
3.23 18.8274
3.24 19.1137
3.25 19.4028
3.26 19.6948
3.27 19.9895
3.28 20.2871
3.29 20.5876
3.3 20.8909
3.31 21.1972
3.32 21.5063
3.33 21.8184
3.34 22.1334
3.35 22.4514
3.36 22.7724
3.37 23.0964
3.38 23.4234
3.39 23.7534
3.4 24.0865
3.41 24.4226
3.42 24.7618
3.43 25.1042
3.44 25.4496
3.45 25.7982
3.46 26.1499
3.47 26.5048
3.48 26.8628
3.49 27.2241
3.5 27.5886
3.51 27.9563
3.52 28.3273
3.53 28.7015
3.54 29.0791
3.55 29.4599
3.56 29.8441
3.57 30.2316
3.58 30.6225
3.59 31.0167
3.6 31.4144
3.61 31.8154
3.62 32.2199
3.63 32.6279
3.64 33.0393
3.65 33.4542
3.66 33.8726
3.67 34.2945
3.68 34.7199
3.69 35.1489
3.7 35.5815
3.71 36.0177
3.72 36.4575
3.73 36.9009
3.74 37.348
3.75 37.7987
3.76 38.2531
3.77 38.7112
3.78 39.1731
3.79 39.6387
3.8 40.108
3.81 40.5812
3.82 41.0581
3.83 41.5388
3.84 42.0234
3.85 42.5118
3.86 43.0041
3.87 43.5003
3.88 44.0004
3.89 44.5044
3.9 45.0124
3.91 45.5243
3.92 46.0403
3.93 46.5602
3.94 47.0842
3.95 47.6122
3.96 48.1443
3.97 48.6804
3.98 49.2207
3.99 49.7651
4 50.3136
4.01 50.8663
4.02 51.4231
4.03 51.9842
4.04 52.5495
4.05 53.119
4.06 53.6928
4.07 54.2708
4.08 54.8532
4.09 55.4399
4.1 56.0309
4.11 56.6263
4.12 57.226
4.13 57.8302
4.14 58.4388
4.15 59.0518
4.16 59.6692
4.17 60.2912
4.18 60.9176
4.19 61.5486
4.2 62.1841
4.21 62.8242
4.22 63.4689
4.23 64.1181
4.24 64.772
4.25 65.4305
4.26 66.0937
4.27 66.7616
4.28 67.4342
4.29 68.1115
4.3 68.7936
4.31 69.4804
4.32 70.172
4.33 70.8684
4.34 71.5697
4.35 72.2758
4.36 72.9867
4.37 73.7026
4.38 74.4234
4.39 75.1491
4.4 75.8798
4.41 76.6155
4.42 77.3561
4.43 78.1018
4.44 78.8525
4.45 79.6083
4.46 80.3692
4.47 81.1352
4.48 81.9063
4.49 82.6825
4.5 83.464
4.51 84.2506
4.52 85.0424
4.53 85.8395
4.54 86.6419
4.55 87.4495
4.56 88.2624
4.57 89.0807
4.58 89.9043
4.59 90.7332
4.6 91.5676
4.61 92.4074
4.62 93.2526
4.63 94.1032
4.64 94.9594
4.65 95.821
4.66 96.6882
4.67 97.561
4.68 98.4392
4.69 99.3231
4.7 100.213
4.71 101.108
4.72 102.009
4.73 102.915
4.74 103.827
4.75 104.745
4.76 105.669
4.77 106.598
4.78 107.534
4.79 108.475
4.8 109.421
4.81 110.374
4.82 111.333
4.83 112.298
4.84 113.268
4.85 114.244
4.86 115.227
4.87 116.215
4.88 117.21
4.89 118.21
4.9 119.217
4.91 120.23
4.92 121.249
4.93 122.274
4.94 123.305
4.95 124.342
4.96 125.386
4.97 126.435
4.98 127.491
4.99 128.554
5 129.622
