-5 569.904
-4.99 561.963
-4.98 554.111
-4.97 546.348
-4.96 538.674
-4.95 531.087
-4.94 523.586
-4.93 516.171
-4.92 508.842
-4.91 501.596
-4.9 494.434
-4.89 487.355
-4.88 480.359
-4.87 473.443
-4.86 466.608
-4.85 459.853
-4.84 453.177
-4.83 446.58
-4.82 440.06
-4.81 433.618
-4.8 427.252
-4.79 420.961
-4.78 414.745
-4.77 408.604
-4.76 402.536
-4.75 396.541
-4.74 390.618
-4.73 384.766
-4.72 378.986
-4.71 373.276
-4.7 367.635
-4.69 362.063
-4.68 356.559
-4.67 351.123
-4.66 345.754
-4.65 340.451
-4.64 335.214
-4.63 330.042
-4.62 324.934
-4.61 319.89
-4.6 314.91
-4.59 309.992
-4.58 305.136
-4.57 300.341
-4.56 295.607
-4.55 290.933
-4.54 286.319
-4.53 281.764
-4.52 277.267
-4.51 272.829
-4.5 268.447
-4.49 264.122
-4.48 259.853
-4.47 255.64
-4.46 251.482
-4.45 247.379
-4.44 243.329
-4.43 239.333
-4.42 235.389
-4.41 231.498
-4.4 227.659
-4.39 223.871
-4.38 220.134
-4.37 216.447
-4.36 212.809
-4.35 209.221
-4.34 205.681
-4.33 202.19
-4.32 198.746
-4.31 195.349
-4.3 192
-4.29 188.696
-4.28 185.438
-4.27 182.225
-4.26 179.057
-4.25 175.933
-4.24 172.853
-4.23 169.816
-4.22 166.822
-4.21 163.87
-4.2 160.961
-4.19 158.093
-4.18 155.265
-4.17 152.479
-4.16 149.732
-4.15 147.026
-4.14 144.358
-4.13 141.729
-4.12 139.139
-4.11 136.587
-4.1 134.072
-4.09 131.594
-4.08 129.153
-4.07 126.749
-4.06 124.38
-4.05 122.047
-4.04 119.748
-4.03 117.485
-4.02 115.255
-4.01 113.06
-4 110.898
-3.99 108.769
-3.98 106.673
-3.97 104.609
-3.96 102.577
-3.95 100.577
-3.94 98.6081
-3.93 96.6699
-3.92 94.7622
-3.91 92.8846
-3.9 91.0368
-3.89 89.2183
-3.88 87.429
-3.87 85.6683
-3.86 83.9359
-3.85 82.2316
-3.84 80.5549
-3.83 78.9056
-3.82 77.2833
-3.81 75.6876
-3.8 74.1182
-3.79 72.5749
-3.78 71.0572
-3.77 69.5649
-3.76 68.0977
-3.75 66.6552
-3.74 65.237
-3.73 63.843
-3.72 62.4728
-3.71 61.1261
-3.7 59.8026
-3.69 58.5019
-3.68 57.2239
-3.67 55.9682
-3.66 54.7344
-3.65 53.5225
-3.64 52.3319
-3.63 51.1625
-3.62 50.014
-3.61 48.8861
-3.6 47.7785
-3.59 46.6909
-3.58 45.6232
-3.57 44.5749
-3.56 43.5459
-3.55 42.5359
-3.54 41.5447
-3.53 40.5719
-3.52 39.6173
-3.51 38.6806
-3.5 37.7617
-3.49 36.8603
-3.48 35.9761
-3.47 35.1088
-3.46 34.2583
-3.45 33.4243
-3.44 32.6066
-3.43 31.8048
-3.42 31.0189
-3.41 30.2486
-3.4 29.4936
-3.39 28.7537
-3.38 28.0288
-3.37 27.3185
-3.36 26.6226
-3.35 25.941
-3.34 25.2735
-3.33 24.6197
-3.32 23.9796
-3.31 23.3529
-3.3 22.7394
-3.29 22.1389
-3.28 21.5512
-3.27 20.9761
-3.26 20.4134
-3.25 19.8629
-3.24 19.3244
-3.23 18.7978
-3.22 18.2828
-3.21 17.7793
-3.2 17.287
-3.19 16.8059
-3.18 16.3356
-3.17 15.8761
-3.16 15.4272
-3.15 14.9886
-3.14 14.5602
-3.13 14.1419
-3.12 13.7335
-3.11 13.3348
-3.1 12.9456
-3.09 12.5658
-3.08 12.1952
-3.07 11.8337
-3.06 11.4811
-3.05 11.1373
-3.04 10.8021
-3.03 10.4753
-3.02 10.1568
-3.01 9.84642
-3 9.54408
-2.99 9.2496
-2.98 8.96283
-2.97 8.68364
-2.96 8.41189
-2.95 8.14744
-2.94 7.89015
-2.93 7.63989
-2.92 7.39653
-2.91 7.15993
-2.9 6.92997
-2.89 6.70652
-2.88 6.48945
-2.87 6.27864
-2.86 6.07396
-2.85 5.8753
-2.84 5.68253
-2.83 5.49554
-2.82 5.31421
-2.81 5.13842
-2.8 4.96806
-2.79 4.80302
-2.78 4.64318
-2.77 4.48845
-2.76 4.3387
-2.75 4.19384
-2.74 4.05376
-2.73 3.91835
-2.72 3.78752
-2.71 3.66116
-2.7 3.53917
-2.69 3.42146
-2.68 3.30793
-2.67 3.19848
-2.66 3.09302
-2.65 2.99146
-2.64 2.89371
-2.63 2.79968
-2.62 2.70927
-2.61 2.6224
-2.6 2.53899
-2.59 2.45895
-2.58 2.3822
-2.57 2.30866
-2.56 2.23823
-2.55 2.17086
-2.54 2.10644
-2.53 2.04492
-2.52 1.98621
-2.51 1.93024
-2.5 1.87693
-2.49 1.82622
-2.48 1.77802
-2.47 1.73228
-2.46 1.68891
-2.45 1.64786
-2.44 1.60906
-2.43 1.57244
-2.42 1.53793
-2.41 1.50547
-2.4 1.47501
-2.39 1.44647
-2.38 1.4198
-2.37 1.39494
-2.36 1.37183
-2.35 1.35041
-2.34 1.33063
-2.33 1.31243
-2.32 1.29576
-2.31 1.28056
-2.3 1.26679
-2.29 1.25438
-2.28 1.24329
-2.27 1.23348
-2.26 1.22488
-2.25 1.21746
-2.24 1.21117
-2.23 1.20596
-2.22 1.20179
-2.21 1.19861
-2.2 1.19638
-2.19 1.19505
-2.18 1.1946
-2.17 1.19496
-2.16 1.19612
-2.15 1.19802
-2.14 1.20063
-2.13 1.20392
-2.12 1.20783
-2.11 1.21235
-2.1 1.21744
-2.09 1.22305
-2.08 1.22917
-2.07 1.23574
-2.06 1.24276
-2.05 1.25017
-2.04 1.25796
-2.03 1.26609
-2.02 1.27453
-2.01 1.28326
-2 1.29225
-1.99 1.30147
-1.98 1.3109
-1.97 1.3205
-1.96 1.33027
-1.95 1.34016
-1.94 1.35016
-1.93 1.36025
-1.92 1.3704
-1.91 1.3806
-1.9 1.39082
-1.89 1.40103
-1.88 1.41123
-1.87 1.4214
-1.86 1.4315
-1.85 1.44154
-1.84 1.45148
-1.83 1.46131
-1.82 1.47103
-1.81 1.4806
-1.8 1.49002
-1.79 1.49927
-1.78 1.50833
-1.77 1.5172
-1.76 1.52587
-1.75 1.53431
-1.74 1.54251
-1.73 1.55048
-1.72 1.55818
-1.71 1.56562
-1.7 1.57279
-1.69 1.57967
-1.68 1.58625
-1.67 1.59253
-1.66 1.5985
-1.65 1.60415
-1.64 1.60947
-1.63 1.61446
-1.62 1.61911
-1.61 1.62341
-1.6 1.62736
-1.59 1.63095
-1.58 1.63418
-1.57 1.63704
-1.56 1.63954
-1.55 1.64166
-1.54 1.6434
-1.53 1.64475
-1.52 1.64573
-1.51 1.64632
-1.5 1.64652
-1.49 1.64633
-1.48 1.64575
-1.47 1.64477
-1.46 1.64341
-1.45 1.64165
-1.44 1.63949
-1.43 1.63694
-1.42 1.634
-1.41 1.63066
-1.4 1.62694
-1.39 1.62282
-1.38 1.61831
-1.37 1.61342
-1.36 1.60814
-1.35 1.60248
-1.34 1.59644
-1.33 1.59002
-1.32 1.58322
-1.31 1.57605
-1.3 1.56852
-1.29 1.56062
-1.28 1.55235
-1.27 1.54373
-1.26 1.53476
-1.25 1.52544
-1.24 1.51578
-1.23 1.50577
-1.22 1.49544
-1.21 1.48477
-1.2 1.47378
-1.19 1.46247
-1.18 1.45085
-1.17 1.43892
-1.16 1.42669
-1.15 1.41416
-1.14 1.40135
-1.13 1.38825
-1.12 1.37488
-1.11 1.36123
-1.1 1.34732
-1.09 1.33316
-1.08 1.31874
-1.07 1.30409
-1.06 1.28919
-1.05 1.27407
-1.04 1.25873
-1.03 1.24317
-1.02 1.22741
-1.01 1.21144
-1 1.19529
-0.99 1.17895
-0.98 1.16243
-0.97 1.14575
-0.96 1.1289
-0.95 1.1119
-0.94 1.09476
-0.93 1.07747
-0.92 1.06006
-0.91 1.04253
-0.9 1.02488
-0.89 1.00713
-0.88 0.989278
-0.87 0.971338
-0.86 0.953318
-0.85 0.935224
-0.84 0.917065
-0.83 0.898849
-0.82 0.880585
-0.81 0.862279
-0.8 0.843942
-0.79 0.825579
-0.78 0.8072
-0.77 0.788813
-0.76 0.770426
-0.75 0.752047
-0.74 0.733683
-0.73 0.715343
-0.72 0.697035
-0.71 0.678767
-0.7 0.660546
-0.69 0.64238
-0.68 0.624278
-0.67 0.606246
-0.66 0.588293
-0.65 0.570427
-0.64 0.552654
-0.63 0.534983
-0.62 0.51742
-0.61 0.499974
-0.6 0.482651
-0.59 0.465459
-0.58 0.448405
-0.57 0.431496
-0.56 0.41474
-0.55 0.398143
-0.54 0.381712
-0.53 0.365454
-0.52 0.349375
-0.51 0.333483
-0.5 0.317784
-0.49 0.302284
-0.48 0.28699
-0.47 0.271907
-0.46 0.257043
-0.45 0.242403
-0.44 0.227993
-0.43 0.21382
-0.42 0.199888
-0.41 0.186203
-0.4 0.172772
-0.39 0.159599
-0.38 0.146689
-0.37 0.134049
-0.36 0.121683
-0.35 0.109596
-0.34 0.0977929
-0.33 0.0862784
-0.32 0.0750571
-0.31 0.0641337
-0.3 0.0535124
-0.29 0.0431975
-0.28 0.033193
-0.27 0.0235031
-0.26 0.0141315
-0.25 0.00508203
-0.24 -0.00364178
-0.23 -0.0120364
-0.22 -0.0200986
-0.21 -0.0278251
-0.2 -0.0352129
-0.19 -0.042259
-0.18 -0.0489607
-0.17 -0.0553152
-0.16 -0.0613201
-0.15 -0.0669731
-0.14 -0.0722718
-0.13 -0.0772142
-0.12 -0.0817984
-0.11 -0.0860225
-0.1 -0.0898849
-0.09 -0.093384
-0.08 -0.0965185
-0.07 -0.0992872
-0.06 -0.101689
-0.05 -0.103723
-0.04 -0.105388
-0.03 -0.106684
-0.02 -0.107609
-0.01 -0.108165
-6.23078e-14 -0.10835
0.01 -0.108165
0.02 -0.107609
0.03 -0.106684
0.04 -0.105388
0.05 -0.103723
0.06 -0.101689
0.07 -0.0992872
0.08 -0.0965185
0.09 -0.093384
0.1 -0.0898849
0.11 -0.0860225
0.12 -0.0817984
0.13 -0.0772142
0.14 -0.0722718
0.15 -0.0669731
0.16 -0.0613201
0.17 -0.0553152
0.18 -0.0489607
0.19 -0.042259
0.2 -0.0352129
0.21 -0.0278251
0.22 -0.0200986
0.23 -0.0120364
0.24 -0.00364178
0.25 0.00508203
0.26 0.0141315
0.27 0.0235031
0.28 0.033193
0.29 0.0431975
0.3 0.0535124
0.31 0.0641337
0.32 0.0750571
0.33 0.0862784
0.34 0.0977929
0.35 0.109596
0.36 0.121683
0.37 0.134049
0.38 0.146689
0.39 0.159599
0.4 0.172772
0.41 0.186203
0.42 0.199888
0.43 0.21382
0.44 0.227993
0.45 0.242403
0.46 0.257043
0.47 0.271907
0.48 0.28699
0.49 0.302284
0.5 0.317784
0.51 0.333483
0.52 0.349375
0.53 0.365454
0.54 0.381712
0.55 0.398143
0.56 0.41474
0.57 0.431496
0.58 0.448405
0.59 0.465459
0.6 0.482651
0.61 0.499974
0.62 0.51742
0.63 0.534983
0.64 0.552654
0.65 0.570427
0.66 0.588293
0.67 0.606246
0.68 0.624278
0.69 0.64238
0.7 0.660546
0.71 0.678767
0.72 0.697035
0.73 0.715343
0.74 0.733683
0.75 0.752047
0.76 0.770426
0.77 0.788813
0.78 0.8072
0.79 0.825579
0.8 0.843942
0.81 0.862279
0.82 0.880585
0.83 0.898849
0.84 0.917065
0.85 0.935224
0.86 0.953318
0.87 0.971338
0.88 0.989278
0.89 1.00713
0.9 1.02488
0.91 1.04253
0.92 1.06006
0.93 1.07747
0.94 1.09476
0.95 1.1119
0.96 1.1289
0.97 1.14575
0.98 1.16243
0.99 1.17895
1 1.19529
1.01 1.21144
1.02 1.22741
1.03 1.24317
1.04 1.25873
1.05 1.27407
1.06 1.28919
1.07 1.30409
1.08 1.31874
1.09 1.33316
1.1 1.34732
1.11 1.36123
1.12 1.37488
1.13 1.38825
1.14 1.40135
1.15 1.41416
1.16 1.42669
1.17 1.43892
1.18 1.45085
1.19 1.46247
1.2 1.47378
1.21 1.48477
1.22 1.49544
1.23 1.50577
1.24 1.51578
1.25 1.52544
1.26 1.53476
1.27 1.54373
1.28 1.55235
1.29 1.56062
1.3 1.56852
1.31 1.57605
1.32 1.58322
1.33 1.59002
1.34 1.59644
1.35 1.60248
1.36 1.60814
1.37 1.61342
1.38 1.61831
1.39 1.62282
1.4 1.62694
1.41 1.63066
1.42 1.634
1.43 1.63694
1.44 1.63949
1.45 1.64165
1.46 1.64341
1.47 1.64477
1.48 1.64575
1.49 1.64633
1.5 1.64652
1.51 1.64632
1.52 1.64573
1.53 1.64475
1.54 1.6434
1.55 1.64166
1.56 1.63954
1.57 1.63704
1.58 1.63418
1.59 1.63095
1.6 1.62736
1.61 1.62341
1.62 1.61911
1.63 1.61446
1.64 1.60947
1.65 1.60415
1.66 1.5985
1.67 1.59253
1.68 1.58625
1.69 1.57967
1.7 1.57279
1.71 1.56562
1.72 1.55818
1.73 1.55048
1.74 1.54251
1.75 1.53431
1.76 1.52587
1.77 1.5172
1.78 1.50833
1.79 1.49927
1.8 1.49002
1.81 1.4806
1.82 1.47103
1.83 1.46131
1.84 1.45148
1.85 1.44154
1.86 1.4315
1.87 1.4214
1.88 1.41123
1.89 1.40103
1.9 1.39082
1.91 1.3806
1.92 1.3704
1.93 1.36025
1.94 1.35016
1.95 1.34016
1.96 1.33027
1.97 1.3205
1.98 1.3109
1.99 1.30147
2 1.29225
2.01 1.28326
2.02 1.27453
2.03 1.26609
2.04 1.25796
2.05 1.25017
2.06 1.24276
2.07 1.23574
2.08 1.22917
2.09 1.22305
2.1 1.21744
2.11 1.21235
2.12 1.20783
2.13 1.20392
2.14 1.20063
2.15 1.19802
2.16 1.19612
2.17 1.19496
2.18 1.1946
2.19 1.19505
2.2 1.19638
2.21 1.19861
2.22 1.20179
2.23 1.20596
2.24 1.21117
2.25 1.21746
2.26 1.22488
2.27 1.23348
2.28 1.24329
2.29 1.25438
2.3 1.26679
2.31 1.28056
2.32 1.29576
2.33 1.31243
2.34 1.33063
2.35 1.35041
2.36 1.37183
2.37 1.39494
2.38 1.4198
2.39 1.44647
2.4 1.47501
2.41 1.50547
2.42 1.53793
2.43 1.57244
2.44 1.60906
2.45 1.64786
2.46 1.68891
2.47 1.73228
2.48 1.77802
2.49 1.82622
2.5 1.87693
2.51 1.93024
2.52 1.98621
2.53 2.04492
2.54 2.10644
2.55 2.17086
2.56 2.23823
2.57 2.30866
2.58 2.3822
2.59 2.45895
2.6 2.53899
2.61 2.6224
2.62 2.70927
2.63 2.79968
2.64 2.89371
2.65 2.99146
2.66 3.09302
2.67 3.19848
2.68 3.30793
2.69 3.42146
2.7 3.53917
2.71 3.66116
2.72 3.78752
2.73 3.91835
2.74 4.05376
2.75 4.19384
2.76 4.3387
2.77 4.48845
2.78 4.64318
2.79 4.80302
2.8 4.96806
2.81 5.13842
2.82 5.31421
2.83 5.49554
2.84 5.68253
2.85 5.8753
2.86 6.07396
2.87 6.27864
2.88 6.48945
2.89 6.70652
2.9 6.92997
2.91 7.15993
2.92 7.39653
2.93 7.63989
2.94 7.89015
2.95 8.14744
2.96 8.41189
2.97 8.68364
2.98 8.96283
2.99 9.2496
3 9.54408
3.01 9.84642
3.02 10.1568
3.03 10.4753
3.04 10.8021
3.05 11.1373
3.06 11.4811
3.07 11.8337
3.08 12.1952
3.09 12.5658
3.1 12.9456
3.11 13.3348
3.12 13.7335
3.13 14.1419
3.14 14.5602
3.15 14.9886
3.16 15.4272
3.17 15.8761
3.18 16.3356
3.19 16.8059
3.2 17.287
3.21 17.7793
3.22 18.2828
3.23 18.7978
3.24 19.3244
3.25 19.8629
3.26 20.4134
3.27 20.9761
3.28 21.5512
3.29 22.1389
3.3 22.7394
3.31 23.3529
3.32 23.9796
3.33 24.6197
3.34 25.2735
3.35 25.941
3.36 26.6226
3.37 27.3185
3.38 28.0288
3.39 28.7537
3.4 29.4936
3.41 30.2486
3.42 31.0189
3.43 31.8048
3.44 32.6066
3.45 33.4243
3.46 34.2583
3.47 35.1088
3.48 35.9761
3.49 36.8603
3.5 37.7617
3.51 38.6806
3.52 39.6173
3.53 40.5719
3.54 41.5447
3.55 42.5359
3.56 43.5459
3.57 44.5749
3.58 45.6232
3.59 46.6909
3.6 47.7785
3.61 48.8861
3.62 50.014
3.63 51.1625
3.64 52.3319
3.65 53.5225
3.66 54.7344
3.67 55.9682
3.68 57.2239
3.69 58.5019
3.7 59.8026
3.71 61.1261
3.72 62.4728
3.73 63.843
3.74 65.237
3.75 66.6552
3.76 68.0977
3.77 69.5649
3.78 71.0572
3.79 72.5749
3.8 74.1182
3.81 75.6876
3.82 77.2833
3.83 78.9056
3.84 80.5549
3.85 82.2316
3.86 83.9359
3.87 85.6683
3.88 87.429
3.89 89.2183
3.9 91.0368
3.91 92.8846
3.92 94.7622
3.93 96.6699
3.94 98.6081
3.95 100.577
3.96 102.577
3.97 104.609
3.98 106.673
3.99 108.769
4 110.898
4.01 113.06
4.02 115.255
4.03 117.485
4.04 119.748
4.05 122.047
4.06 124.38
4.07 126.749
4.08 129.153
4.09 131.594
4.1 134.072
4.11 136.587
4.12 139.139
4.13 141.729
4.14 144.358
4.15 147.026
4.16 149.732
4.17 152.479
4.18 155.265
4.19 158.093
4.2 160.961
4.21 163.87
4.22 166.822
4.23 169.816
4.24 172.853
4.25 175.933
4.26 179.057
4.27 182.225
4.28 185.438
4.29 188.696
4.3 192
4.31 195.349
4.32 198.746
4.33 202.19
4.34 205.681
4.35 209.221
4.36 212.809
4.37 216.447
4.38 220.134
4.39 223.871
4.4 227.659
4.41 231.498
4.42 235.389
4.43 239.333
4.44 243.329
4.45 247.379
4.46 251.482
4.47 255.64
4.48 259.853
4.49 264.122
4.5 268.447
4.51 272.829
4.52 277.267
4.53 281.764
4.54 286.319
4.55 290.933
4.56 295.607
4.57 300.341
4.58 305.136
4.59 309.992
4.6 314.91
4.61 319.89
4.62 324.934
4.63 330.042
4.64 335.214
4.65 340.451
4.66 345.754
4.67 351.123
4.68 356.559
4.69 362.063
4.7 367.635
4.71 373.276
4.72 378.986
4.73 384.766
4.74 390.618
4.75 396.541
4.76 402.536
4.77 408.604
4.78 414.745
4.79 420.961
4.8 427.252
4.81 433.618
4.82 440.06
4.83 446.58
4.84 453.177
4.85 459.853
4.86 466.608
4.87 473.443
4.88 480.359
4.89 487.355
4.9 494.434
4.91 501.596
4.92 508.842
4.93 516.171
4.94 523.586
4.95 531.087
4.96 538.674
4.97 546.348
4.98 554.111
4.99 561.963
5 569.904
