-5 97.9993
-4.99 97.5997
-4.98 97.2009
-4.97 96.8029
-4.96 96.4057
-4.95 96.0093
-4.94 95.6137
-4.93 95.2189
-4.92 94.8249
-4.91 94.4317
-4.9 94.0393
-4.89 93.6477
-4.88 93.2569
-4.87 92.8669
-4.86 92.4777
-4.85 92.0893
-4.84 91.7017
-4.83 91.3149
-4.82 90.9289
-4.81 90.5437
-4.8 90.1593
-4.79 89.7757
-4.78 89.3929
-4.77 89.0109
-4.76 88.6297
-4.75 88.2493
-4.74 87.8697
-4.73 87.4909
-4.72 87.1129
-4.71 86.7357
-4.7 86.3593
-4.69 85.9837
-4.68 85.6089
-4.67 85.235
-4.66 84.8618
-4.65 84.4894
-4.64 84.1178
-4.63 83.747
-4.62 83.377
-4.61 83.0078
-4.6 82.6394
-4.59 82.2718
-4.58 81.905
-4.57 81.539
-4.56 81.1738
-4.55 80.8094
-4.54 80.4458
-4.53 80.083
-4.52 79.721
-4.51 79.3598
-4.5 78.9994
-4.49 78.6398
-4.48 78.281
-4.47 77.923
-4.46 77.5658
-4.45 77.2094
-4.44 76.8538
-4.43 76.499
-4.42 76.145
-4.41 75.7918
-4.4 75.4394
-4.39 75.0878
-4.38 74.737
-4.37 74.387
-4.36 74.0378
-4.35 73.6894
-4.34 73.3418
-4.33 72.995
-4.32 72.649
-4.31 72.3038
-4.3 71.9595
-4.29 71.6159
-4.28 71.2731
-4.27 70.9311
-4.26 70.5899
-4.25 70.2495
-4.24 69.9099
-4.23 69.5711
-4.22 69.2331
-4.21 68.8959
-4.2 68.5595
-4.19 68.2239
-4.18 67.8891
-4.17 67.5551
-4.16 67.2219
-4.15 66.8895
-4.14 66.5579
-4.13 66.2271
-4.12 65.8971
-4.11 65.5679
-4.1 65.2395
-4.09 64.9119
-4.08 64.5851
-4.07 64.2591
-4.06 63.9339
-4.05 63.6095
-4.04 63.2859
-4.03 62.9631
-4.02 62.6411
-4.01 62.3199
-4 61.9995
-3.99 61.6799
-3.98 61.3611
-3.97 61.0431
-3.96 60.7259
-3.95 60.4095
-3.94 60.0939
-3.93 59.7791
-3.92 59.4651
-3.91 59.1519
-3.9 58.8395
-3.89 58.528
-3.88 58.2172
-3.87 57.9072
-3.86 57.598
-3.85 57.2896
-3.84 56.982
-3.83 56.6752
-3.82 56.3692
-3.81 56.064
-3.8 55.7596
-3.79 55.456
-3.78 55.1532
-3.77 54.8512
-3.76 54.55
-3.75 54.2496
-3.74 53.95
-3.73 53.6512
-3.72 53.3532
-3.71 53.056
-3.7 52.7596
-3.69 52.464
-3.68 52.1692
-3.67 51.8752
-3.66 51.582
-3.65 51.2896
-3.64 50.998
-3.63 50.7072
-3.62 50.4172
-3.61 50.128
-3.6 49.8396
-3.59 49.552
-3.58 49.2652
-3.57 48.9792
-3.56 48.694
-3.55 48.4096
-3.54 48.126
-3.53 47.8432
-3.52 47.5612
-3.51 47.28
-3.5 46.9996
-3.49 46.72
-3.48 46.4412
-3.47 46.1632
-3.46 45.886
-3.45 45.6096
-3.44 45.3341
-3.43 45.0593
-3.42 44.7853
-3.41 44.5121
-3.4 44.2397
-3.39 43.9681
-3.38 43.6973
-3.37 43.4273
-3.36 43.1581
-3.35 42.8897
-3.34 42.6221
-3.33 42.3553
-3.32 42.0893
-3.31 41.8241
-3.3 41.5597
-3.29 41.2961
-3.28 41.0333
-3.27 40.7713
-3.26 40.5101
-3.25 40.2497
-3.24 39.9901
-3.23 39.7313
-3.22 39.4733
-3.21 39.2161
-3.2 38.9597
-3.19 38.7041
-3.18 38.4493
-3.17 38.1953
-3.16 37.9421
-3.15 37.6897
-3.14 37.4381
-3.13 37.1873
-3.12 36.9373
-3.11 36.6881
-3.1 36.4397
-3.09 36.1921
-3.08 35.9453
-3.07 35.6993
-3.06 35.4541
-3.05 35.2097
-3.04 34.9661
-3.03 34.7233
-3.02 34.4813
-3.01 34.2401
-3 33.9997
-2.99 33.7601
-2.98 33.5213
-2.97 33.2833
-2.96 33.0461
-2.95 32.8097
-2.94 32.5741
-2.93 32.3393
-2.92 32.1054
-2.91 31.8722
-2.9 31.6398
-2.89 31.4082
-2.88 31.1774
-2.87 30.9474
-2.86 30.7182
-2.85 30.4898
-2.84 30.2622
-2.83 30.0354
-2.82 29.8094
-2.81 29.5842
-2.8 29.3598
-2.79 29.1362
-2.78 28.9134
-2.77 28.6914
-2.76 28.4702
-2.75 28.2498
-2.74 28.0302
-2.73 27.8114
-2.72 27.5934
-2.71 27.3762
-2.7 27.1598
-2.69 26.9442
-2.68 26.7294
-2.67 26.5154
-2.66 26.3022
-2.65 26.0898
-2.64 25.8782
-2.63 25.6674
-2.62 25.4574
-2.61 25.2482
-2.6 25.0398
-2.59 24.8322
-2.58 24.6254
-2.57 24.4194
-2.56 24.2142
-2.55 24.0098
-2.54 23.8062
-2.53 23.6034
-2.52 23.4014
-2.51 23.2002
-2.5 22.9998
-2.49 22.8002
-2.48 22.6014
-2.47 22.4034
-2.46 22.2062
-2.45 22.0098
-2.44 21.8142
-2.43 21.6194
-2.42 21.4254
-2.41 21.2322
-2.4 21.0398
-2.39 20.8482
-2.38 20.6574
-2.37 20.4674
-2.36 20.2782
-2.35 20.0898
-2.34 19.9022
-2.33 19.7154
-2.32 19.5294
-2.31 19.3442
-2.3 19.1598
-2.29 18.9763
-2.28 18.7935
-2.27 18.6115
-2.26 18.4303
-2.25 18.2499
-2.24 18.0703
-2.23 17.8915
-2.22 17.7135
-2.21 17.5363
-2.2 17.3599
-2.19 17.1843
-2.18 17.0095
-2.17 16.8355
-2.16 16.6623
-2.15 16.4899
-2.14 16.3183
-2.13 16.1475
-2.12 15.9775
-2.11 15.8083
-2.1 15.6399
-2.09 15.4723
-2.08 15.3055
-2.07 15.1395
-2.06 14.9743
-2.05 14.8099
-2.04 14.6463
-2.03 14.4835
-2.02 14.3215
-2.01 14.1603
-2 13.9999
-1.99 13.8403
-1.98 13.6815
-1.97 13.5235
-1.96 13.3663
-1.95 13.2099
-1.94 13.0543
-1.93 12.8995
-1.92 12.7455
-1.91 12.5923
-1.9 12.4399
-1.89 12.2883
-1.88 12.1375
-1.87 11.9875
-1.86 11.8383
-1.85 11.6899
-1.84 11.5423
-1.83 11.3955
-1.82 11.2495
-1.81 11.1043
-1.8 10.9599
-1.79 10.8163
-1.78 10.6735
-1.77 10.5315
-1.76 10.3903
-1.75 10.2499
-1.74 10.1103
-1.73 9.97152
-1.72 9.83352
-1.71 9.69632
-1.7 9.55992
-1.69 9.42432
-1.68 9.28952
-1.67 9.15552
-1.66 9.02233
-1.65 8.88993
-1.64 8.75833
-1.63 8.62753
-1.62 8.49753
-1.61 8.36833
-1.6 8.23993
-1.59 8.11233
-1.58 7.98553
-1.57 7.85953
-1.56 7.73434
-1.55 7.60994
-1.54 7.48634
-1.53 7.36354
-1.52 7.24154
-1.51 7.12034
-1.5 6.99994
-1.49 6.88034
-1.48 6.76154
-1.47 6.64354
-1.46 6.52634
-1.45 6.40995
-1.44 6.29435
-1.43 6.17955
-1.42 6.06555
-1.41 5.95235
-1.4 5.83995
-1.39 5.72835
-1.38 5.61755
-1.37 5.50755
-1.36 5.39835
-1.35 5.28995
-1.34 5.18235
-1.33 5.07556
-1.32 4.96956
-1.31 4.86436
-1.3 4.75996
-1.29 4.65636
-1.28 4.55356
-1.27 4.45156
-1.26 4.35036
-1.25 4.24996
-1.24 4.15036
-1.23 4.05156
-1.22 3.95356
-1.21 3.85636
-1.2 3.75997
-1.19 3.66437
-1.18 3.56957
-1.17 3.47557
-1.16 3.38237
-1.15 3.28997
-1.14 3.19837
-1.13 3.10757
-1.12 3.01757
-1.11 2.92837
-1.1 2.83997
-1.09 2.75237
-1.08 2.66557
-1.07 2.57957
-1.06 2.49437
-1.05 2.40998
-1.04 2.32638
-1.03 2.24358
-1.02 2.16158
-1.01 2.08038
-1 1.99998
-0.99 1.92038
-0.98 1.84158
-0.97 1.76358
-0.96 1.68638
-0.95 1.60998
-0.94 1.53438
-0.93 1.45958
-0.92 1.38558
-0.91 1.31238
-0.9 1.23998
-0.89 1.16838
-0.88 1.09759
-0.87 1.02759
-0.86 0.958386
-0.85 0.889987
-0.84 0.822387
-0.83 0.755588
-0.82 0.689588
-0.81 0.624389
-0.8 0.559989
-0.79 0.49639
-0.78 0.43359
-0.77 0.371591
-0.76 0.310391
-0.75 0.249992
-0.74 0.190392
-0.73 0.131593
-0.72 0.0735931
-0.71 0.0163935
-0.7 -0.0400061
-0.69 -0.0956057
-0.68 -0.150405
-0.67 -0.204405
-0.66 -0.257604
-0.65 -0.310004
-0.64 -0.361604
-0.63 -0.412403
-0.62 -0.462403
-0.61 -0.511603
-0.6 -0.560002
-0.59 -0.607602
-0.58 -0.654401
-0.57 -0.700401
-0.56 -0.745601
-0.55 -0.79
-0.54 -0.8336
-0.53 -0.8764
-0.52 -0.918399
-0.51 -0.959599
-0.5 -0.999999
-0.49 -1.0396
-0.48 -1.0784
-0.47 -1.1164
-0.46 -1.1536
-0.45 -1.19
-0.44 -1.2256
-0.43 -1.2604
-0.42 -1.2944
-0.41 -1.3276
-0.4 -1.36
-0.39 -1.3916
-0.38 -1.4224
-0.37 -1.4524
-0.36 -1.4816
-0.35 -1.50999
-0.34 -1.53759
-0.33 -1.56439
-0.32 -1.59039
-0.31 -1.61559
-0.3 -1.63999
-0.29 -1.66359
-0.28 -1.68639
-0.27 -1.70839
-0.26 -1.72959
-0.25 -1.74999
-0.24 -1.76959
-0.23 -1.78839
-0.22 -1.80639
-0.21 -1.82359
-0.2 -1.83999
-0.19 -1.85559
-0.18 -1.87039
-0.17 -1.88439
-0.16 -1.89759
-0.15 -1.90999
-0.14 -1.92159
-0.13 -1.93239
-0.12 -1.94239
-0.11 -1.95159
-0.1 -1.95999
-0.09 -1.96759
-0.08 -1.97439
-0.07 -1.98039
-0.06 -1.98559
-0.05 -1.98999
-0.04 -1.99359
-0.03 -1.99639
-0.02 -1.99839
-0.01 -1.99959
-6.23078e-14 -1.99999
0.01 -1.99959
0.02 -1.99839
0.03 -1.99639
0.04 -1.99359
0.05 -1.98999
0.06 -1.98559
0.07 -1.98039
0.08 -1.97439
0.09 -1.96759
0.1 -1.95999
0.11 -1.95159
0.12 -1.94239
0.13 -1.93239
0.14 -1.92159
0.15 -1.90999
0.16 -1.89759
0.17 -1.88439
0.18 -1.87039
0.19 -1.85559
0.2 -1.83999
0.21 -1.82359
0.22 -1.80639
0.23 -1.78839
0.24 -1.76959
0.25 -1.74999
0.26 -1.72959
0.27 -1.70839
0.28 -1.68639
0.29 -1.66359
0.3 -1.63999
0.31 -1.61559
0.32 -1.59039
0.33 -1.56439
0.34 -1.53759
0.35 -1.50999
0.36 -1.4816
0.37 -1.4524
0.38 -1.4224
0.39 -1.3916
0.4 -1.36
0.41 -1.3276
0.42 -1.2944
0.43 -1.2604
0.44 -1.2256
0.45 -1.19
0.46 -1.1536
0.47 -1.1164
0.48 -1.0784
0.49 -1.0396
0.5 -0.999999
0.51 -0.959599
0.52 -0.918399
0.53 -0.8764
0.54 -0.8336
0.55 -0.79
0.56 -0.745601
0.57 -0.700401
0.58 -0.654401
0.59 -0.607602
0.6 -0.560002
0.61 -0.511603
0.62 -0.462403
0.63 -0.412403
0.64 -0.361604
0.65 -0.310004
0.66 -0.257604
0.67 -0.204405
0.68 -0.150405
0.69 -0.0956057
0.7 -0.0400061
0.71 0.0163935
0.72 0.0735931
0.73 0.131593
0.74 0.190392
0.75 0.249992
0.76 0.310391
0.77 0.371591
0.78 0.43359
0.79 0.49639
0.8 0.559989
0.81 0.624389
0.82 0.689588
0.83 0.755588
0.84 0.822387
0.85 0.889987
0.86 0.958386
0.87 1.02759
0.88 1.09759
0.89 1.16838
0.9 1.23998
0.91 1.31238
0.92 1.38558
0.93 1.45958
0.94 1.53438
0.95 1.60998
0.96 1.68638
0.97 1.76358
0.98 1.84158
0.99 1.92038
1 1.99998
1.01 2.08038
1.02 2.16158
1.03 2.24358
1.04 2.32638
1.05 2.40998
1.06 2.49437
1.07 2.57957
1.08 2.66557
1.09 2.75237
1.1 2.83997
1.11 2.92837
1.12 3.01757
1.13 3.10757
1.14 3.19837
1.15 3.28997
1.16 3.38237
1.17 3.47557
1.18 3.56957
1.19 3.66437
1.2 3.75997
1.21 3.85636
1.22 3.95356
1.23 4.05156
1.24 4.15036
1.25 4.24996
1.26 4.35036
1.27 4.45156
1.28 4.55356
1.29 4.65636
1.3 4.75996
1.31 4.86436
1.32 4.96956
1.33 5.07556
1.34 5.18235
1.35 5.28995
1.36 5.39835
1.37 5.50755
1.38 5.61755
1.39 5.72835
1.4 5.83995
1.41 5.95235
1.42 6.06555
1.43 6.17955
1.44 6.29435
1.45 6.40995
1.46 6.52634
1.47 6.64354
1.48 6.76154
1.49 6.88034
1.5 6.99994
1.51 7.12034
1.52 7.24154
1.53 7.36354
1.54 7.48634
1.55 7.60994
1.56 7.73434
1.57 7.85953
1.58 7.98553
1.59 8.11233
1.6 8.23993
1.61 8.36833
1.62 8.49753
1.63 8.62753
1.64 8.75833
1.65 8.88993
1.66 9.02233
1.67 9.15552
1.68 9.28952
1.69 9.42432
1.7 9.55992
1.71 9.69632
1.72 9.83352
1.73 9.97152
1.74 10.1103
1.75 10.2499
1.76 10.3903
1.77 10.5315
1.78 10.6735
1.79 10.8163
1.8 10.9599
1.81 11.1043
1.82 11.2495
1.83 11.3955
1.84 11.5423
1.85 11.6899
1.86 11.8383
1.87 11.9875
1.88 12.1375
1.89 12.2883
1.9 12.4399
1.91 12.5923
1.92 12.7455
1.93 12.8995
1.94 13.0543
1.95 13.2099
1.96 13.3663
1.97 13.5235
1.98 13.6815
1.99 13.8403
2 13.9999
2.01 14.1603
2.02 14.3215
2.03 14.4835
2.04 14.6463
2.05 14.8099
2.06 14.9743
2.07 15.1395
2.08 15.3055
2.09 15.4723
2.1 15.6399
2.11 15.8083
2.12 15.9775
2.13 16.1475
2.14 16.3183
2.15 16.4899
2.16 16.6623
2.17 16.8355
2.18 17.0095
2.19 17.1843
2.2 17.3599
2.21 17.5363
2.22 17.7135
2.23 17.8915
2.24 18.0703
2.25 18.2499
2.26 18.4303
2.27 18.6115
2.28 18.7935
2.29 18.9763
2.3 19.1598
2.31 19.3442
2.32 19.5294
2.33 19.7154
2.34 19.9022
2.35 20.0898
2.36 20.2782
2.37 20.4674
2.38 20.6574
2.39 20.8482
2.4 21.0398
2.41 21.2322
2.42 21.4254
2.43 21.6194
2.44 21.8142
2.45 22.0098
2.46 22.2062
2.47 22.4034
2.48 22.6014
2.49 22.8002
2.5 22.9998
2.51 23.2002
2.52 23.4014
2.53 23.6034
2.54 23.8062
2.55 24.0098
2.56 24.2142
2.57 24.4194
2.58 24.6254
2.59 24.8322
2.6 25.0398
2.61 25.2482
2.62 25.4574
2.63 25.6674
2.64 25.8782
2.65 26.0898
2.66 26.3022
2.67 26.5154
2.68 26.7294
2.69 26.9442
2.7 27.1598
2.71 27.3762
2.72 27.5934
2.73 27.8114
2.74 28.0302
2.75 28.2498
2.76 28.4702
2.77 28.6914
2.78 28.9134
2.79 29.1362
2.8 29.3598
2.81 29.5842
2.82 29.8094
2.83 30.0354
2.84 30.2622
2.85 30.4898
2.86 30.7182
2.87 30.9474
2.88 31.1774
2.89 31.4082
2.9 31.6398
2.91 31.8722
2.92 32.1054
2.93 32.3393
2.94 32.5741
2.95 32.8097
2.96 33.0461
2.97 33.2833
2.98 33.5213
2.99 33.7601
3 33.9997
3.01 34.2401
3.02 34.4813
3.03 34.7233
3.04 34.9661
3.05 35.2097
3.06 35.4541
3.07 35.6993
3.08 35.9453
3.09 36.1921
3.1 36.4397
3.11 36.6881
3.12 36.9373
3.13 37.1873
3.14 37.4381
3.15 37.6897
3.16 37.9421
3.17 38.1953
3.18 38.4493
3.19 38.7041
3.2 38.9597
3.21 39.2161
3.22 39.4733
3.23 39.7313
3.24 39.9901
3.25 40.2497
3.26 40.5101
3.27 40.7713
3.28 41.0333
3.29 41.2961
3.3 41.5597
3.31 41.8241
3.32 42.0893
3.33 42.3553
3.34 42.6221
3.35 42.8897
3.36 43.1581
3.37 43.4273
3.38 43.6973
3.39 43.9681
3.4 44.2397
3.41 44.5121
3.42 44.7853
3.43 45.0593
3.44 45.3341
3.45 45.6096
3.46 45.886
3.47 46.1632
3.48 46.4412
3.49 46.72
3.5 46.9996
3.51 47.28
3.52 47.5612
3.53 47.8432
3.54 48.126
3.55 48.4096
3.56 48.694
3.57 48.9792
3.58 49.2652
3.59 49.552
3.6 49.8396
3.61 50.128
3.62 50.4172
3.63 50.7072
3.64 50.998
3.65 51.2896
3.66 51.582
3.67 51.8752
3.68 52.1692
3.69 52.464
3.7 52.7596
3.71 53.056
3.72 53.3532
3.73 53.6512
3.74 53.95
3.75 54.2496
3.76 54.55
3.77 54.8512
3.78 55.1532
3.79 55.456
3.8 55.7596
3.81 56.064
3.82 56.3692
3.83 56.6752
3.84 56.982
3.85 57.2896
3.86 57.598
3.87 57.9072
3.88 58.2172
3.89 58.528
3.9 58.8395
3.91 59.1519
3.92 59.4651
3.93 59.7791
3.94 60.0939
3.95 60.4095
3.96 60.7259
3.97 61.0431
3.98 61.3611
3.99 61.6799
4 61.9995
4.01 62.3199
4.02 62.6411
4.03 62.9631
4.04 63.2859
4.05 63.6095
4.06 63.9339
4.07 64.2591
4.08 64.5851
4.09 64.9119
4.1 65.2395
4.11 65.5679
4.12 65.8971
4.13 66.2271
4.14 66.5579
4.15 66.8895
4.16 67.2219
4.17 67.5551
4.18 67.8891
4.19 68.2239
4.2 68.5595
4.21 68.8959
4.22 69.2331
4.23 69.5711
4.24 69.9099
4.25 70.2495
4.26 70.5899
4.27 70.9311
4.28 71.2731
4.29 71.6159
4.3 71.9595
4.31 72.3038
4.32 72.649
4.33 72.995
4.34 73.3418
4.35 73.6894
4.36 74.0378
4.37 74.387
4.38 74.737
4.39 75.0878
4.4 75.4394
4.41 75.7918
4.42 76.145
4.43 76.499
4.44 76.8538
4.45 77.2094
4.46 77.5658
4.47 77.923
4.48 78.281
4.49 78.6398
4.5 78.9994
4.51 79.3598
4.52 79.721
4.53 80.083
4.54 80.4458
4.55 80.8094
4.56 81.1738
4.57 81.539
4.58 81.905
4.59 82.2718
4.6 82.6394
4.61 83.0078
4.62 83.377
4.63 83.747
4.64 84.1178
4.65 84.4894
4.66 84.8618
4.67 85.235
4.68 85.6089
4.69 85.9837
4.7 86.3593
4.71 86.7357
4.72 87.1129
4.73 87.4909
4.74 87.8697
4.75 88.2493
4.76 88.6297
4.77 89.0109
4.78 89.3929
4.79 89.7757
4.8 90.1593
4.81 90.5437
4.82 90.9289
4.83 91.3149
4.84 91.7017
4.85 92.0893
4.86 92.4777
4.87 92.8669
4.88 93.2569
4.89 93.6477
4.9 94.0393
4.91 94.4317
4.92 94.8249
4.93 95.2189
4.94 95.6137
4.95 96.0093
4.96 96.4057
4.97 96.8029
4.98 97.2009
4.99 97.5997
5 97.9993
