-5 -6.79141
-4.99 -6.75653
-4.98 -6.72173
-4.97 -6.68701
-4.96 -6.65237
-4.95 -6.61782
-4.94 -6.58335
-4.93 -6.54896
-4.92 -6.51465
-4.91 -6.48042
-4.9 -6.44628
-4.89 -6.41222
-4.88 -6.37824
-4.87 -6.34434
-4.86 -6.31052
-4.85 -6.27679
-4.84 -6.24314
-4.83 -6.20957
-4.82 -6.17608
-4.81 -6.14268
-4.8 -6.10936
-4.79 -6.07612
-4.78 -6.04296
-4.77 -6.00988
-4.76 -5.97689
-4.75 -5.94398
-4.74 -5.91115
-4.73 -5.8784
-4.72 -5.84573
-4.71 -5.81315
-4.7 -5.78065
-4.69 -5.74823
-4.68 -5.71589
-4.67 -5.68364
-4.66 -5.65146
-4.65 -5.61937
-4.64 -5.58736
-4.63 -5.55544
-4.62 -5.52359
-4.61 -5.49183
-4.6 -5.46015
-4.59 -5.42855
-4.58 -5.39704
-4.57 -5.3656
-4.56 -5.33425
-4.55 -5.30298
-4.54 -5.2718
-4.53 -5.24069
-4.52 -5.20967
-4.51 -5.17873
-4.5 -5.14787
-4.49 -5.11709
-4.48 -5.0864
-4.47 -5.05579
-4.46 -5.02526
-4.45 -4.99481
-4.44 -4.96444
-4.43 -4.93416
-4.42 -4.90396
-4.41 -4.87384
-4.4 -4.8438
-4.39 -4.81384
-4.38 -4.78397
-4.37 -4.75418
-4.36 -4.72447
-4.35 -4.69484
-4.34 -4.6653
-4.33 -4.63584
-4.32 -4.60646
-4.31 -4.57716
-4.3 -4.54794
-4.29 -4.51881
-4.28 -4.48976
-4.27 -4.46079
-4.26 -4.4319
-4.25 -4.40309
-4.24 -4.37437
-4.23 -4.34573
-4.22 -4.31717
-4.21 -4.28869
-4.2 -4.2603
-4.19 -4.23199
-4.18 -4.20376
-4.17 -4.17561
-4.16 -4.14754
-4.15 -4.11956
-4.14 -4.09166
-4.13 -4.06384
-4.12 -4.0361
-4.11 -4.00844
-4.1 -3.98087
-4.09 -3.95338
-4.08 -3.92597
-4.07 -3.89864
-4.06 -3.8714
-4.05 -3.84423
-4.04 -3.81715
-4.03 -3.79015
-4.02 -3.76324
-4.01 -3.7364
-4 -3.70965
-3.99 -3.68298
-3.98 -3.65639
-3.97 -3.62989
-3.96 -3.60346
-3.95 -3.57712
-3.94 -3.55086
-3.93 -3.52468
-3.92 -3.49859
-3.91 -3.47258
-3.9 -3.44665
-3.89 -3.4208
-3.88 -3.39503
-3.87 -3.36935
-3.86 -3.34374
-3.85 -3.31822
-3.84 -3.29278
-3.83 -3.26743
-3.82 -3.24215
-3.81 -3.21696
-3.8 -3.19185
-3.79 -3.16683
-3.78 -3.14188
-3.77 -3.11702
-3.76 -3.09224
-3.75 -3.06754
-3.74 -3.04292
-3.73 -3.01839
-3.72 -2.99393
-3.71 -2.96956
-3.7 -2.94527
-3.69 -2.92107
-3.68 -2.89694
-3.67 -2.8729
-3.66 -2.84894
-3.65 -2.82506
-3.64 -2.80127
-3.63 -2.77756
-3.62 -2.75392
-3.61 -2.73038
-3.6 -2.70691
-3.59 -2.68352
-3.58 -2.66022
-3.57 -2.637
-3.56 -2.61386
-3.55 -2.59081
-3.54 -2.56783
-3.53 -2.54494
-3.52 -2.52213
-3.51 -2.4994
-3.5 -2.47676
-3.49 -2.45419
-3.48 -2.43171
-3.47 -2.40931
-3.46 -2.38699
-3.45 -2.36476
-3.44 -2.34261
-3.43 -2.32053
-3.42 -2.29855
-3.41 -2.27664
-3.4 -2.25482
-3.39 -2.23307
-3.38 -2.21141
-3.37 -2.18983
-3.36 -2.16834
-3.35 -2.14692
-3.34 -2.12559
-3.33 -2.10434
-3.32 -2.08318
-3.31 -2.06209
-3.3 -2.04109
-3.29 -2.02017
-3.28 -1.99933
-3.27 -1.97857
-3.26 -1.9579
-3.25 -1.9373
-3.24 -1.91679
-3.23 -1.89637
-3.22 -1.87602
-3.21 -1.85576
-3.2 -1.83557
-3.19 -1.81547
-3.18 -1.79546
-3.17 -1.77552
-3.16 -1.75567
-3.15 -1.7359
-3.14 -1.71621
-3.13 -1.6966
-3.12 -1.67708
-3.11 -1.65763
-3.1 -1.63827
-3.09 -1.61899
-3.08 -1.5998
-3.07 -1.58068
-3.06 -1.56165
-3.05 -1.5427
-3.04 -1.52383
-3.03 -1.50505
-3.02 -1.48634
-3.01 -1.46772
-3 -1.44918
-2.99 -1.43073
-2.98 -1.41235
-2.97 -1.39406
-2.96 -1.37585
-2.95 -1.35772
-2.94 -1.33967
-2.93 -1.32171
-2.92 -1.30383
-2.91 -1.28603
-2.9 -1.26831
-2.89 -1.25067
-2.88 -1.23312
-2.87 -1.21565
-2.86 -1.19826
-2.85 -1.18095
-2.84 -1.16373
-2.83 -1.14658
-2.82 -1.12952
-2.81 -1.11254
-2.8 -1.09565
-2.79 -1.07883
-2.78 -1.0621
-2.77 -1.04545
-2.76 -1.02888
-2.75 -1.01239
-2.74 -0.99599
-2.73 -0.979669
-2.72 -0.963429
-2.71 -0.947271
-2.7 -0.931196
-2.69 -0.915203
-2.68 -0.899292
-2.67 -0.883463
-2.66 -0.867716
-2.65 -0.852051
-2.64 -0.836469
-2.63 -0.820968
-2.62 -0.80555
-2.61 -0.790214
-2.6 -0.774959
-2.59 -0.759788
-2.58 -0.744698
-2.57 -0.72969
-2.56 -0.714764
-2.55 -0.699921
-2.54 -0.68516
-2.53 -0.670481
-2.52 -0.655883
-2.51 -0.641369
-2.5 -0.626936
-2.49 -0.612585
-2.48 -0.598317
-2.47 -0.58413
-2.46 -0.570026
-2.45 -0.556004
-2.44 -0.542064
-2.43 -0.528206
-2.42 -0.51443
-2.41 -0.500737
-2.4 -0.487125
-2.39 -0.473596
-2.38 -0.460148
-2.37 -0.446783
-2.36 -0.4335
-2.35 -0.4203
-2.34 -0.407181
-2.33 -0.394144
-2.32 -0.38119
-2.31 -0.368317
-2.3 -0.355527
-2.29 -0.342819
-2.28 -0.330193
-2.27 -0.317649
-2.26 -0.305188
-2.25 -0.292808
-2.24 -0.280511
-2.23 -0.268296
-2.22 -0.256162
-2.21 -0.244111
-2.2 -0.232142
-2.19 -0.220256
-2.18 -0.208451
-2.17 -0.196729
-2.16 -0.185088
-2.15 -0.17353
-2.14 -0.162054
-2.13 -0.15066
-2.12 -0.139348
-2.11 -0.128118
-2.1 -0.116971
-2.09 -0.105905
-2.08 -0.0949217
-2.07 -0.0840205
-2.06 -0.0732014
-2.05 -0.0624645
-2.04 -0.0518096
-2.03 -0.0412369
-2.02 -0.0307464
-2.01 -0.0203379
-2 -0.0100116
-1.99 0.000232581
-1.98 0.0103946
-1.97 0.0204746
-1.96 0.0304724
-1.95 0.040388
-1.94 0.0502215
-1.93 0.059973
-1.92 0.0696422
-1.91 0.0792294
-1.9 0.0887344
-1.89 0.0981573
-1.88 0.107498
-1.87 0.116757
-1.86 0.125933
-1.85 0.135028
-1.84 0.14404
-1.83 0.15297
-1.82 0.161818
-1.81 0.170584
-1.8 0.179267
-1.79 0.187869
-1.78 0.196388
-1.77 0.204826
-1.76 0.213181
-1.75 0.221454
-1.74 0.229645
-1.73 0.237754
-1.72 0.245781
-1.71 0.253725
-1.7 0.261588
-1.69 0.269368
-1.68 0.277066
-1.67 0.284682
-1.66 0.292216
-1.65 0.299668
-1.64 0.307037
-1.63 0.314325
-1.62 0.32153
-1.61 0.328654
-1.6 0.335695
-1.59 0.342654
-1.58 0.349531
-1.57 0.356325
-1.56 0.363038
-1.55 0.369668
-1.54 0.376217
-1.53 0.382683
-1.52 0.389067
-1.51 0.395369
-1.5 0.401589
-1.49 0.407727
-1.48 0.413782
-1.47 0.419756
-1.46 0.425647
-1.45 0.431456
-1.44 0.437183
-1.43 0.442828
-1.42 0.448391
-1.41 0.453872
-1.4 0.45927
-1.39 0.464587
-1.38 0.469821
-1.37 0.474973
-1.36 0.480043
-1.35 0.485031
-1.34 0.489937
-1.33 0.49476
-1.32 0.499502
-1.31 0.504161
-1.3 0.508738
-1.29 0.513234
-1.28 0.517647
-1.27 0.521977
-1.26 0.526226
-1.25 0.530393
-1.24 0.534477
-1.23 0.53848
-1.22 0.5424
-1.21 0.546238
-1.2 0.549994
-1.19 0.553668
-1.18 0.557259
-1.17 0.560769
-1.16 0.564196
-1.15 0.567542
-1.14 0.570805
-1.13 0.573986
-1.12 0.577085
-1.11 0.580102
-1.1 0.583036
-1.09 0.585889
-1.08 0.588659
-1.07 0.591347
-1.06 0.593954
-1.05 0.596478
-1.04 0.598919
-1.03 0.601279
-1.02 0.603557
-1.01 0.605752
-1 0.607866
-0.99 0.609897
-0.98 0.611846
-0.97 0.613713
-0.96 0.615498
-0.95 0.617201
-0.94 0.618821
-0.93 0.62036
-0.92 0.621816
-0.91 0.62319
-0.9 0.624482
-0.89 0.625692
-0.88 0.62682
-0.87 0.627866
-0.86 0.628829
-0.85 0.629711
-0.84 0.63051
-0.83 0.631227
-0.82 0.631862
-0.81 0.632415
-0.8 0.632886
-0.79 0.633274
-0.78 0.633581
-0.77 0.633805
-0.76 0.633948
-0.75 0.634008
-0.74 0.633986
-0.73 0.633882
-0.72 0.633695
-0.71 0.633427
-0.7 0.633076
-0.69 0.632644
-0.68 0.632129
-0.67 0.631532
-0.66 0.630853
-0.65 0.630092
-0.64 0.629249
-0.63 0.628323
-0.62 0.627316
-0.61 0.626226
-0.6 0.625054
-0.59 0.6238
-0.58 0.622464
-0.57 0.621046
-0.56 0.619546
-0.55 0.617963
-0.54 0.616298
-0.53 0.614552
-0.52 0.612723
-0.51 0.610812
-0.5 0.608819
-0.49 0.606744
-0.48 0.604586
-0.47 0.602347
-0.46 0.600025
-0.45 0.597621
-0.44 0.595135
-0.43 0.592567
-0.42 0.589917
-0.41 0.587185
-0.4 0.584371
-0.39 0.581474
-0.38 0.578495
-0.37 0.575435
-0.36 0.572292
-0.35 0.569067
-0.34 0.565759
-0.33 0.56237
-0.32 0.558899
-0.31 0.555345
-0.3 0.551709
-0.29 0.547992
-0.28 0.544192
-0.27 0.54031
-0.26 0.536345
-0.25 0.532299
-0.24 0.528171
-0.23 0.52396
-0.22 0.519667
-0.21 0.515292
-0.2 0.510835
-0.19 0.506296
-0.18 0.501675
-0.17 0.496972
-0.16 0.492186
-0.15 0.487318
-0.14 0.482369
-0.13 0.477337
-0.12 0.472223
-0.11 0.467027
-0.1 0.461748
-0.09 0.456388
-0.08 0.450945
-0.07 0.445421
-0.06 0.439814
-0.05 0.434125
-0.04 0.428354
-0.03 0.422501
-0.02 0.416565
-0.01 0.410548
-6.23078e-14 0.404448
0.01 0.398267
0.02 0.392003
0.03 0.385657
0.04 0.379229
0.05 0.372718
0.06 0.366126
0.07 0.359452
0.08 0.352695
0.09 0.345856
0.1 0.338935
0.11 0.331932
0.12 0.324847
0.13 0.31768
0.14 0.31043
0.15 0.303099
0.16 0.295685
0.17 0.28819
0.18 0.280612
0.19 0.272952
0.2 0.265209
0.21 0.257385
0.22 0.249479
0.23 0.24149
0.24 0.233419
0.25 0.225267
0.26 0.217032
0.27 0.208715
0.28 0.200315
0.29 0.191834
0.3 0.183271
0.31 0.174625
0.32 0.165897
0.33 0.157087
0.34 0.148195
0.35 0.139221
0.36 0.130165
0.37 0.121027
0.38 0.111806
0.39 0.102504
0.4 0.0931187
0.41 0.0836519
0.42 0.0741028
0.43 0.0644717
0.44 0.0547584
0.45 0.044963
0.46 0.0350855
0.47 0.0251258
0.48 0.015084
0.49 0.00496006
0.5 -0.005246
0.51 -0.0155342
0.52 -0.0259045
0.53 -0.0363569
0.54 -0.0468915
0.55 -0.0575082
0.56 -0.0682071
0.57 -0.078988
0.58 -0.0898511
0.59 -0.100796
0.6 -0.111824
0.61 -0.122933
0.62 -0.134125
0.63 -0.145399
0.64 -0.156754
0.65 -0.168192
0.66 -0.179713
0.67 -0.191315
0.68 -0.202999
0.69 -0.214766
0.7 -0.226614
0.71 -0.238545
0.72 -0.250558
0.73 -0.262653
0.74 -0.27483
0.75 -0.28709
0.76 -0.299431
0.77 -0.311854
0.78 -0.32436
0.79 -0.336948
0.8 -0.349618
0.81 -0.36237
0.82 -0.375204
0.83 -0.388121
0.84 -0.401119
0.85 -0.4142
0.86 -0.427362
0.87 -0.440607
0.88 -0.453934
0.89 -0.467343
0.9 -0.480834
0.91 -0.494408
0.92 -0.508063
0.93 -0.521801
0.94 -0.535621
0.95 -0.549523
0.96 -0.563507
0.97 -0.577573
0.98 -0.591721
0.99 -0.605951
1 -0.620264
1.01 -0.634659
1.02 -0.649135
1.03 -0.663694
1.04 -0.678335
1.05 -0.693059
1.06 -0.707864
1.07 -0.722751
1.08 -0.737721
1.09 -0.752773
1.1 -0.767906
1.11 -0.783122
1.12 -0.79842
1.13 -0.813801
1.14 -0.829263
1.15 -0.844807
1.16 -0.860434
1.17 -0.876143
1.18 -0.891934
1.19 -0.907807
1.2 -0.923762
1.21 -0.939799
1.22 -0.955918
1.23 -0.97212
1.24 -0.988404
1.25 -1.00477
1.26 -1.02122
1.27 -1.03775
1.28 -1.05436
1.29 -1.07105
1.3 -1.08783
1.31 -1.10469
1.32 -1.12163
1.33 -1.13865
1.34 -1.15576
1.35 -1.17294
1.36 -1.19021
1.37 -1.20756
1.38 -1.225
1.39 -1.24251
1.4 -1.26011
1.41 -1.27779
1.42 -1.29555
1.43 -1.3134
1.44 -1.33132
1.45 -1.34933
1.46 -1.36742
1.47 -1.38559
1.48 -1.40385
1.49 -1.42219
1.5 -1.44061
1.51 -1.45911
1.52 -1.47769
1.53 -1.49636
1.54 -1.5151
1.55 -1.53393
1.56 -1.55284
1.57 -1.57184
1.58 -1.59091
1.59 -1.61007
1.6 -1.62931
1.61 -1.64864
1.62 -1.66804
1.63 -1.68753
1.64 -1.7071
1.65 -1.72675
1.66 -1.74648
1.67 -1.76629
1.68 -1.78619
1.69 -1.80617
1.7 -1.82623
1.71 -1.84638
1.72 -1.8666
1.73 -1.88691
1.74 -1.9073
1.75 -1.92777
1.76 -1.94833
1.77 -1.96896
1.78 -1.98968
1.79 -2.01048
1.8 -2.03137
1.81 -2.05233
1.82 -2.07338
1.83 -2.09451
1.84 -2.11572
1.85 -2.13701
1.86 -2.15839
1.87 -2.17985
1.88 -2.20139
1.89 -2.22301
1.9 -2.24471
1.91 -2.2665
1.92 -2.28837
1.93 -2.31032
1.94 -2.33235
1.95 -2.35446
1.96 -2.37666
1.97 -2.39894
1.98 -2.4213
1.99 -2.44375
2 -2.46627
2.01 -2.48888
2.02 -2.51157
2.03 -2.53434
2.04 -2.55719
2.05 -2.58013
2.06 -2.60315
2.07 -2.62625
2.08 -2.64943
2.09 -2.6727
2.1 -2.69604
2.11 -2.71947
2.12 -2.74298
2.13 -2.76658
2.14 -2.79025
2.15 -2.81401
2.16 -2.83785
2.17 -2.86177
2.18 -2.88577
2.19 -2.90986
2.2 -2.93403
2.21 -2.95828
2.22 -2.98261
2.23 -3.00702
2.24 -3.03152
2.25 -3.0561
2.26 -3.08076
2.27 -3.1055
2.28 -3.13033
2.29 -3.15524
2.3 -3.18023
2.31 -3.2053
2.32 -3.23045
2.33 -3.25569
2.34 -3.281
2.35 -3.3064
2.36 -3.33189
2.37 -3.35745
2.38 -3.3831
2.39 -3.40883
2.4 -3.43464
2.41 -3.46053
2.42 -3.4865
2.43 -3.51256
2.44 -3.5387
2.45 -3.56492
2.46 -3.59122
2.47 -3.61761
2.48 -3.64408
2.49 -3.67063
2.5 -3.69726
2.51 -3.72397
2.52 -3.75077
2.53 -3.77765
2.54 -3.80461
2.55 -3.83165
2.56 -3.85878
2.57 -3.88598
2.58 -3.91327
2.59 -3.94064
2.6 -3.9681
2.61 -3.99563
2.62 -4.02325
2.63 -4.05095
2.64 -4.07873
2.65 -4.10659
2.66 -4.13454
2.67 -4.16257
2.68 -4.19068
2.69 -4.21887
2.7 -4.24715
2.71 -4.2755
2.72 -4.30394
2.73 -4.33246
2.74 -4.36107
2.75 -4.38975
2.76 -4.41852
2.77 -4.44737
2.78 -4.4763
2.79 -4.50531
2.8 -4.53441
2.81 -4.56359
2.82 -4.59285
2.83 -4.62219
2.84 -4.65161
2.85 -4.68112
2.86 -4.71071
2.87 -4.74038
2.88 -4.77013
2.89 -4.79997
2.9 -4.82988
2.91 -4.85988
2.92 -4.88996
2.93 -4.92013
2.94 -4.95037
2.95 -4.9807
2.96 -5.01111
2.97 -5.0416
2.98 -5.07218
2.99 -5.10283
3 -5.13357
3.01 -5.16439
3.02 -5.1953
3.03 -5.22628
3.04 -5.25735
3.05 -5.2885
3.06 -5.31973
3.07 -5.35104
3.08 -5.38244
3.09 -5.41391
3.1 -5.44547
3.11 -5.47712
3.12 -5.50884
3.13 -5.54065
3.14 -5.57253
3.15 -5.6045
3.16 -5.63656
3.17 -5.66869
3.18 -5.70091
3.19 -5.73321
3.2 -5.76559
3.21 -5.79805
3.22 -5.8306
3.23 -5.86322
3.24 -5.89593
3.25 -5.92873
3.26 -5.9616
3.27 -5.99456
3.28 -6.02759
3.29 -6.06071
3.3 -6.09392
3.31 -6.1272
3.32 -6.16057
3.33 -6.19402
3.34 -6.22755
3.35 -6.26116
3.36 -6.29485
3.37 -6.32863
3.38 -6.36249
3.39 -6.39643
3.4 -6.43046
3.41 -6.46456
3.42 -6.49875
3.43 -6.53302
3.44 -6.56737
3.45 -6.60181
3.46 -6.63632
3.47 -6.67092
3.48 -6.7056
3.49 -6.74036
3.5 -6.77521
3.51 -6.81014
3.52 -6.84515
3.53 -6.88024
3.54 -6.91541
3.55 -6.95067
3.56 -6.986
3.57 -7.02142
3.58 -7.05692
3.59 -7.09251
3.6 -7.12818
3.61 -7.16392
3.62 -7.19975
3.63 -7.23567
3.64 -7.27166
3.65 -7.30774
3.66 -7.3439
3.67 -7.38014
3.68 -7.41646
3.69 -7.45287
3.7 -7.48935
3.71 -7.52592
3.72 -7.56258
3.73 -7.59931
3.74 -7.63613
3.75 -7.67302
3.76 -7.71
3.77 -7.74707
3.78 -7.78421
3.79 -7.82144
3.8 -7.85875
3.81 -7.89614
3.82 -7.93361
3.83 -7.97117
3.84 -8.0088
3.85 -8.04652
3.86 -8.08432
3.87 -8.12221
3.88 -8.16017
3.89 -8.19822
3.9 -8.23635
3.91 -8.27456
3.92 -8.31286
3.93 -8.35123
3.94 -8.38969
3.95 -8.42823
3.96 -8.46686
3.97 -8.50556
3.98 -8.54435
3.99 -8.58322
4 -8.62217
4.01 -8.6612
4.02 -8.70032
4.03 -8.73952
4.04 -8.7788
4.05 -8.81816
4.06 -8.8576
4.07 -8.89713
4.08 -8.93674
4.09 -8.97643
4.1 -9.0162
4.11 -9.05605
4.12 -9.09599
4.13 -9.13601
4.14 -9.17611
4.15 -9.2163
4.16 -9.25656
4.17 -9.29691
4.18 -9.33734
4.19 -9.37785
4.2 -9.41844
4.21 -9.45912
4.22 -9.49988
4.23 -9.54072
4.24 -9.58164
4.25 -9.62265
4.26 -9.66373
4.27 -9.7049
4.28 -9.74615
4.29 -9.78749
4.3 -9.8289
4.31 -9.8704
4.32 -9.91198
4.33 -9.95364
4.34 -9.99538
4.35 -10.0372
4.36 -10.0791
4.37 -10.1211
4.38 -10.1632
4.39 -10.2053
4.4 -10.2476
4.41 -10.2899
4.42 -10.3323
4.43 -10.3748
4.44 -10.4173
4.45 -10.46
4.46 -10.5027
4.47 -10.5455
4.48 -10.5884
4.49 -10.6314
4.5 -10.6745
4.51 -10.7176
4.52 -10.7608
4.53 -10.8041
4.54 -10.8475
4.55 -10.891
4.56 -10.9345
4.57 -10.9782
4.58 -11.0219
4.59 -11.0657
4.6 -11.1095
4.61 -11.1535
4.62 -11.1976
4.63 -11.2417
4.64 -11.2859
4.65 -11.3302
4.66 -11.3745
4.67 -11.419
4.68 -11.4635
4.69 -11.5082
4.7 -11.5529
4.71 -11.5976
4.72 -11.6425
4.73 -11.6875
4.74 -11.7325
4.75 -11.7776
4.76 -11.8228
4.77 -11.8681
4.78 -11.9134
4.79 -11.9589
4.8 -12.0044
4.81 -12.05
4.82 -12.0957
4.83 -12.1414
4.84 -12.1873
4.85 -12.2332
4.86 -12.2792
4.87 -12.3253
4.88 -12.3715
4.89 -12.4178
4.9 -12.4641
4.91 -12.5105
4.92 -12.557
4.93 -12.6036
4.94 -12.6503
4.95 -12.6971
4.96 -12.7439
4.97 -12.7908
4.98 -12.8378
4.99 -12.8849
5 -12.9321
