-5 98
-4.99 97.6004
-4.98 97.2016
-4.97 96.8036
-4.96 96.4064
-4.95 96.01
-4.94 95.6144
-4.93 95.2196
-4.92 94.8256
-4.91 94.4324
-4.9 94.04
-4.89 93.6484
-4.88 93.2576
-4.87 92.8676
-4.86 92.4784
-4.85 92.09
-4.84 91.7024
-4.83 91.3156
-4.82 90.9296
-4.81 90.5444
-4.8 90.16
-4.79 89.7764
-4.78 89.3936
-4.77 89.0116
-4.76 88.6304
-4.75 88.25
-4.74 87.8704
-4.73 87.4916
-4.72 87.1136
-4.71 86.7364
-4.7 86.36
-4.69 85.9844
-4.68 85.6096
-4.67 85.2356
-4.66 84.8624
-4.65 84.49
-4.64 84.1184
-4.63 83.7476
-4.62 83.3776
-4.61 83.0084
-4.6 82.64
-4.59 82.2724
-4.58 81.9056
-4.57 81.5396
-4.56 81.1744
-4.55 80.81
-4.54 80.4464
-4.53 80.0836
-4.52 79.7216
-4.51 79.3604
-4.5 79
-4.49 78.6404
-4.48 78.2816
-4.47 77.9236
-4.46 77.5664
-4.45 77.21
-4.44 76.8544
-4.43 76.4996
-4.42 76.1456
-4.41 75.7924
-4.4 75.44
-4.39 75.0884
-4.38 74.7376
-4.37 74.3876
-4.36 74.0384
-4.35 73.69
-4.34 73.3424
-4.33 72.9956
-4.32 72.6496
-4.31 72.3044
-4.3 71.96
-4.29 71.6164
-4.28 71.2736
-4.27 70.9316
-4.26 70.5904
-4.25 70.25
-4.24 69.9104
-4.23 69.5716
-4.22 69.2336
-4.21 68.8964
-4.2 68.56
-4.19 68.2244
-4.18 67.8896
-4.17 67.5556
-4.16 67.2224
-4.15 66.89
-4.14 66.5584
-4.13 66.2276
-4.12 65.8976
-4.11 65.5684
-4.1 65.24
-4.09 64.9124
-4.08 64.5856
-4.07 64.2596
-4.06 63.9344
-4.05 63.61
-4.04 63.2864
-4.03 62.9636
-4.02 62.6416
-4.01 62.3204
-4 62
-3.99 61.6804
-3.98 61.3616
-3.97 61.0436
-3.96 60.7264
-3.95 60.41
-3.94 60.0944
-3.93 59.7796
-3.92 59.4656
-3.91 59.1524
-3.9 58.84
-3.89 58.5284
-3.88 58.2176
-3.87 57.9076
-3.86 57.5984
-3.85 57.29
-3.84 56.9824
-3.83 56.6756
-3.82 56.3696
-3.81 56.0644
-3.8 55.76
-3.79 55.4564
-3.78 55.1536
-3.77 54.8516
-3.76 54.5504
-3.75 54.25
-3.74 53.9504
-3.73 53.6516
-3.72 53.3536
-3.71 53.0564
-3.7 52.76
-3.69 52.4644
-3.68 52.1696
-3.67 51.8756
-3.66 51.5824
-3.65 51.29
-3.64 50.9984
-3.63 50.7076
-3.62 50.4176
-3.61 50.1284
-3.6 49.84
-3.59 49.5524
-3.58 49.2656
-3.57 48.9796
-3.56 48.6944
-3.55 48.41
-3.54 48.1264
-3.53 47.8436
-3.52 47.5616
-3.51 47.2804
-3.5 47
-3.49 46.7204
-3.48 46.4416
-3.47 46.1636
-3.46 45.8864
-3.45 45.61
-3.44 45.3344
-3.43 45.0596
-3.42 44.7856
-3.41 44.5124
-3.4 44.24
-3.39 43.9684
-3.38 43.6976
-3.37 43.4276
-3.36 43.1584
-3.35 42.89
-3.34 42.6224
-3.33 42.3556
-3.32 42.0896
-3.31 41.8244
-3.3 41.56
-3.29 41.2964
-3.28 41.0336
-3.27 40.7716
-3.26 40.5104
-3.25 40.25
-3.24 39.9904
-3.23 39.7316
-3.22 39.4736
-3.21 39.2164
-3.2 38.96
-3.19 38.7044
-3.18 38.4496
-3.17 38.1956
-3.16 37.9424
-3.15 37.69
-3.14 37.4384
-3.13 37.1876
-3.12 36.9376
-3.11 36.6884
-3.1 36.44
-3.09 36.1924
-3.08 35.9456
-3.07 35.6996
-3.06 35.4544
-3.05 35.21
-3.04 34.9664
-3.03 34.7236
-3.02 34.4816
-3.01 34.2404
-3 34
-2.99 33.7604
-2.98 33.5216
-2.97 33.2836
-2.96 33.0464
-2.95 32.81
-2.94 32.5744
-2.93 32.3396
-2.92 32.1056
-2.91 31.8724
-2.9 31.64
-2.89 31.4084
-2.88 31.1776
-2.87 30.9476
-2.86 30.7184
-2.85 30.49
-2.84 30.2624
-2.83 30.0356
-2.82 29.8096
-2.81 29.5844
-2.8 29.36
-2.79 29.1364
-2.78 28.9136
-2.77 28.6916
-2.76 28.4704
-2.75 28.25
-2.74 28.0304
-2.73 27.8116
-2.72 27.5936
-2.71 27.3764
-2.7 27.16
-2.69 26.9444
-2.68 26.7296
-2.67 26.5156
-2.66 26.3024
-2.65 26.09
-2.64 25.8784
-2.63 25.6676
-2.62 25.4576
-2.61 25.2484
-2.6 25.04
-2.59 24.8324
-2.58 24.6256
-2.57 24.4196
-2.56 24.2144
-2.55 24.01
-2.54 23.8064
-2.53 23.6036
-2.52 23.4016
-2.51 23.2004
-2.5 23
-2.49 22.8004
-2.48 22.6016
-2.47 22.4036
-2.46 22.2064
-2.45 22.01
-2.44 21.8144
-2.43 21.6196
-2.42 21.4256
-2.41 21.2324
-2.4 21.04
-2.39 20.8484
-2.38 20.6576
-2.37 20.4676
-2.36 20.2784
-2.35 20.09
-2.34 19.9024
-2.33 19.7156
-2.32 19.5296
-2.31 19.3444
-2.3 19.16
-2.29 18.9764
-2.28 18.7936
-2.27 18.6116
-2.26 18.4304
-2.25 18.25
-2.24 18.0704
-2.23 17.8916
-2.22 17.7136
-2.21 17.5364
-2.2 17.36
-2.19 17.1844
-2.18 17.0096
-2.17 16.8356
-2.16 16.6624
-2.15 16.49
-2.14 16.3184
-2.13 16.1476
-2.12 15.9776
-2.11 15.8084
-2.1 15.64
-2.09 15.4724
-2.08 15.3056
-2.07 15.1396
-2.06 14.9744
-2.05 14.81
-2.04 14.6464
-2.03 14.4836
-2.02 14.3216
-2.01 14.1604
-2 14
-1.99 13.8404
-1.98 13.6816
-1.97 13.5236
-1.96 13.3664
-1.95 13.21
-1.94 13.0544
-1.93 12.8996
-1.92 12.7456
-1.91 12.5924
-1.9 12.44
-1.89 12.2884
-1.88 12.1376
-1.87 11.9876
-1.86 11.8384
-1.85 11.69
-1.84 11.5424
-1.83 11.3956
-1.82 11.2496
-1.81 11.1044
-1.8 10.96
-1.79 10.8164
-1.78 10.6736
-1.77 10.5316
-1.76 10.3904
-1.75 10.25
-1.74 10.1104
-1.73 9.9716
-1.72 9.8336
-1.71 9.6964
-1.7 9.56
-1.69 9.4244
-1.68 9.2896
-1.67 9.1556
-1.66 9.0224
-1.65 8.89
-1.64 8.7584
-1.63 8.6276
-1.62 8.4976
-1.61 8.3684
-1.6 8.24
-1.59 8.1124
-1.58 7.9856
-1.57 7.8596
-1.56 7.7344
-1.55 7.61
-1.54 7.4864
-1.53 7.3636
-1.52 7.2416
-1.51 7.1204
-1.5 7
-1.49 6.8804
-1.48 6.7616
-1.47 6.6436
-1.46 6.5264
-1.45 6.41
-1.44 6.2944
-1.43 6.1796
-1.42 6.0656
-1.41 5.9524
-1.4 5.84
-1.39 5.7284
-1.38 5.6176
-1.37 5.5076
-1.36 5.3984
-1.35 5.29
-1.34 5.1824
-1.33 5.0756
-1.32 4.9696
-1.31 4.8644
-1.3 4.76
-1.29 4.6564
-1.28 4.5536
-1.27 4.4516
-1.26 4.3504
-1.25 4.25
-1.24 4.1504
-1.23 4.0516
-1.22 3.9536
-1.21 3.8564
-1.2 3.76
-1.19 3.6644
-1.18 3.5696
-1.17 3.4756
-1.16 3.3824
-1.15 3.29
-1.14 3.1984
-1.13 3.1076
-1.12 3.0176
-1.11 2.9284
-1.1 2.84
-1.09 2.7524
-1.08 2.6656
-1.07 2.5796
-1.06 2.4944
-1.05 2.41
-1.04 2.3264
-1.03 2.2436
-1.02 2.1616
-1.01 2.0804
-1 2
-0.99 1.9204
-0.98 1.8416
-0.97 1.7636
-0.96 1.6864
-0.95 1.61
-0.94 1.5344
-0.93 1.4596
-0.92 1.3856
-0.91 1.3124
-0.9 1.24
-0.89 1.1684
-0.88 1.0976
-0.87 1.0276
-0.86 0.9584
-0.85 0.89
-0.84 0.8224
-0.83 0.7556
-0.82 0.6896
-0.81 0.6244
-0.8 0.56
-0.79 0.4964
-0.78 0.4336
-0.77 0.3716
-0.76 0.3104
-0.75 0.25
-0.74 0.1904
-0.73 0.1316
-0.72 0.0736
-0.71 0.0164
-0.7 -0.04
-0.69 -0.0956
-0.68 -0.1504
-0.67 -0.2044
-0.66 -0.2576
-0.65 -0.31
-0.64 -0.3616
-0.63 -0.4124
-0.62 -0.4624
-0.61 -0.5116
-0.6 -0.56
-0.59 -0.6076
-0.58 -0.6544
-0.57 -0.7004
-0.56 -0.7456
-0.55 -0.79
-0.54 -0.8336
-0.53 -0.8764
-0.52 -0.9184
-0.51 -0.9596
-0.5 -1
-0.49 -1.0396
-0.48 -1.0784
-0.47 -1.1164
-0.46 -1.1536
-0.45 -1.19
-0.44 -1.2256
-0.43 -1.2604
-0.42 -1.2944
-0.41 -1.3276
-0.4 -1.36
-0.39 -1.3916
-0.38 -1.4224
-0.37 -1.4524
-0.36 -1.4816
-0.35 -1.51
-0.34 -1.5376
-0.33 -1.5644
-0.32 -1.5904
-0.31 -1.6156
-0.3 -1.64
-0.29 -1.6636
-0.28 -1.6864
-0.27 -1.7084
-0.26 -1.7296
-0.25 -1.75
-0.24 -1.7696
-0.23 -1.7884
-0.22 -1.8064
-0.21 -1.8236
-0.2 -1.84
-0.19 -1.8556
-0.18 -1.8704
-0.17 -1.8844
-0.16 -1.8976
-0.15 -1.91
-0.14 -1.9216
-0.13 -1.9324
-0.12 -1.9424
-0.11 -1.9516
-0.1 -1.96
-0.09 -1.9676
-0.08 -1.9744
-0.07 -1.9804
-0.06 -1.9856
-0.05 -1.99
-0.04 -1.9936
-0.03 -1.9964
-0.02 -1.9984
-0.01 -1.9996
-6.23078e-14 -2
0.01 -1.9996
0.02 -1.9984
0.03 -1.9964
0.04 -1.9936
0.05 -1.99
0.06 -1.9856
0.07 -1.9804
0.08 -1.9744
0.09 -1.9676
0.1 -1.96
0.11 -1.9516
0.12 -1.9424
0.13 -1.9324
0.14 -1.9216
0.15 -1.91
0.16 -1.8976
0.17 -1.8844
0.18 -1.8704
0.19 -1.8556
0.2 -1.84
0.21 -1.8236
0.22 -1.8064
0.23 -1.7884
0.24 -1.7696
0.25 -1.75
0.26 -1.7296
0.27 -1.7084
0.28 -1.6864
0.29 -1.6636
0.3 -1.64
0.31 -1.6156
0.32 -1.5904
0.33 -1.5644
0.34 -1.5376
0.35 -1.51
0.36 -1.4816
0.37 -1.4524
0.38 -1.4224
0.39 -1.3916
0.4 -1.36
0.41 -1.3276
0.42 -1.2944
0.43 -1.2604
0.44 -1.2256
0.45 -1.19
0.46 -1.1536
0.47 -1.1164
0.48 -1.0784
0.49 -1.0396
0.5 -1
0.51 -0.9596
0.52 -0.9184
0.53 -0.8764
0.54 -0.8336
0.55 -0.79
0.56 -0.7456
0.57 -0.7004
0.58 -0.6544
0.59 -0.6076
0.6 -0.56
0.61 -0.5116
0.62 -0.4624
0.63 -0.4124
0.64 -0.3616
0.65 -0.31
0.66 -0.2576
0.67 -0.2044
0.68 -0.1504
0.69 -0.0956
0.7 -0.04
0.71 0.0164
0.72 0.0736
0.73 0.1316
0.74 0.1904
0.75 0.25
0.76 0.3104
0.77 0.3716
0.78 0.4336
0.79 0.4964
0.8 0.56
0.81 0.6244
0.82 0.6896
0.83 0.7556
0.84 0.8224
0.85 0.89
0.86 0.9584
0.87 1.0276
0.88 1.0976
0.89 1.1684
0.9 1.24
0.91 1.3124
0.92 1.3856
0.93 1.4596
0.94 1.5344
0.95 1.61
0.96 1.6864
0.97 1.7636
0.98 1.8416
0.99 1.9204
1 2
1.01 2.0804
1.02 2.1616
1.03 2.2436
1.04 2.3264
1.05 2.41
1.06 2.4944
1.07 2.5796
1.08 2.6656
1.09 2.7524
1.1 2.84
1.11 2.9284
1.12 3.0176
1.13 3.1076
1.14 3.1984
1.15 3.29
1.16 3.3824
1.17 3.4756
1.18 3.5696
1.19 3.6644
1.2 3.76
1.21 3.8564
1.22 3.9536
1.23 4.0516
1.24 4.1504
1.25 4.25
1.26 4.3504
1.27 4.4516
1.28 4.5536
1.29 4.6564
1.3 4.76
1.31 4.8644
1.32 4.9696
1.33 5.0756
1.34 5.1824
1.35 5.29
1.36 5.3984
1.37 5.5076
1.38 5.6176
1.39 5.7284
1.4 5.84
1.41 5.9524
1.42 6.0656
1.43 6.1796
1.44 6.2944
1.45 6.41
1.46 6.5264
1.47 6.6436
1.48 6.7616
1.49 6.8804
1.5 7
1.51 7.1204
1.52 7.2416
1.53 7.3636
1.54 7.4864
1.55 7.61
1.56 7.7344
1.57 7.8596
1.58 7.9856
1.59 8.1124
1.6 8.24
1.61 8.3684
1.62 8.4976
1.63 8.6276
1.64 8.7584
1.65 8.89
1.66 9.0224
1.67 9.1556
1.68 9.2896
1.69 9.4244
1.7 9.56
1.71 9.6964
1.72 9.8336
1.73 9.9716
1.74 10.1104
1.75 10.25
1.76 10.3904
1.77 10.5316
1.78 10.6736
1.79 10.8164
1.8 10.96
1.81 11.1044
1.82 11.2496
1.83 11.3956
1.84 11.5424
1.85 11.69
1.86 11.8384
1.87 11.9876
1.88 12.1376
1.89 12.2884
1.9 12.44
1.91 12.5924
1.92 12.7456
1.93 12.8996
1.94 13.0544
1.95 13.21
1.96 13.3664
1.97 13.5236
1.98 13.6816
1.99 13.8404
2 14
2.01 14.1604
2.02 14.3216
2.03 14.4836
2.04 14.6464
2.05 14.81
2.06 14.9744
2.07 15.1396
2.08 15.3056
2.09 15.4724
2.1 15.64
2.11 15.8084
2.12 15.9776
2.13 16.1476
2.14 16.3184
2.15 16.49
2.16 16.6624
2.17 16.8356
2.18 17.0096
2.19 17.1844
2.2 17.36
2.21 17.5364
2.22 17.7136
2.23 17.8916
2.24 18.0704
2.25 18.25
2.26 18.4304
2.27 18.6116
2.28 18.7936
2.29 18.9764
2.3 19.16
2.31 19.3444
2.32 19.5296
2.33 19.7156
2.34 19.9024
2.35 20.09
2.36 20.2784
2.37 20.4676
2.38 20.6576
2.39 20.8484
2.4 21.04
2.41 21.2324
2.42 21.4256
2.43 21.6196
2.44 21.8144
2.45 22.01
2.46 22.2064
2.47 22.4036
2.48 22.6016
2.49 22.8004
2.5 23
2.51 23.2004
2.52 23.4016
2.53 23.6036
2.54 23.8064
2.55 24.01
2.56 24.2144
2.57 24.4196
2.58 24.6256
2.59 24.8324
2.6 25.04
2.61 25.2484
2.62 25.4576
2.63 25.6676
2.64 25.8784
2.65 26.09
2.66 26.3024
2.67 26.5156
2.68 26.7296
2.69 26.9444
2.7 27.16
2.71 27.3764
2.72 27.5936
2.73 27.8116
2.74 28.0304
2.75 28.25
2.76 28.4704
2.77 28.6916
2.78 28.9136
2.79 29.1364
2.8 29.36
2.81 29.5844
2.82 29.8096
2.83 30.0356
2.84 30.2624
2.85 30.49
2.86 30.7184
2.87 30.9476
2.88 31.1776
2.89 31.4084
2.9 31.64
2.91 31.8724
2.92 32.1056
2.93 32.3396
2.94 32.5744
2.95 32.81
2.96 33.0464
2.97 33.2836
2.98 33.5216
2.99 33.7604
3 34
3.01 34.2404
3.02 34.4816
3.03 34.7236
3.04 34.9664
3.05 35.21
3.06 35.4544
3.07 35.6996
3.08 35.9456
3.09 36.1924
3.1 36.44
3.11 36.6884
3.12 36.9376
3.13 37.1876
3.14 37.4384
3.15 37.69
3.16 37.9424
3.17 38.1956
3.18 38.4496
3.19 38.7044
3.2 38.96
3.21 39.2164
3.22 39.4736
3.23 39.7316
3.24 39.9904
3.25 40.25
3.26 40.5104
3.27 40.7716
3.28 41.0336
3.29 41.2964
3.3 41.56
3.31 41.8244
3.32 42.0896
3.33 42.3556
3.34 42.6224
3.35 42.89
3.36 43.1584
3.37 43.4276
3.38 43.6976
3.39 43.9684
3.4 44.24
3.41 44.5124
3.42 44.7856
3.43 45.0596
3.44 45.3344
3.45 45.61
3.46 45.8864
3.47 46.1636
3.48 46.4416
3.49 46.7204
3.5 47
3.51 47.2804
3.52 47.5616
3.53 47.8436
3.54 48.1264
3.55 48.41
3.56 48.6944
3.57 48.9796
3.58 49.2656
3.59 49.5524
3.6 49.84
3.61 50.1284
3.62 50.4176
3.63 50.7076
3.64 50.9984
3.65 51.29
3.66 51.5824
3.67 51.8756
3.68 52.1696
3.69 52.4644
3.7 52.76
3.71 53.0564
3.72 53.3536
3.73 53.6516
3.74 53.9504
3.75 54.25
3.76 54.5504
3.77 54.8516
3.78 55.1536
3.79 55.4564
3.8 55.76
3.81 56.0644
3.82 56.3696
3.83 56.6756
3.84 56.9824
3.85 57.29
3.86 57.5984
3.87 57.9076
3.88 58.2176
3.89 58.5284
3.9 58.84
3.91 59.1524
3.92 59.4656
3.93 59.7796
3.94 60.0944
3.95 60.41
3.96 60.7264
3.97 61.0436
3.98 61.3616
3.99 61.6804
4 62
4.01 62.3204
4.02 62.6416
4.03 62.9636
4.04 63.2864
4.05 63.61
4.06 63.9344
4.07 64.2596
4.08 64.5856
4.09 64.9124
4.1 65.24
4.11 65.5684
4.12 65.8976
4.13 66.2276
4.14 66.5584
4.15 66.89
4.16 67.2224
4.17 67.5556
4.18 67.8896
4.19 68.2244
4.2 68.56
4.21 68.8964
4.22 69.2336
4.23 69.5716
4.24 69.9104
4.25 70.25
4.26 70.5904
4.27 70.9316
4.28 71.2736
4.29 71.6164
4.3 71.96
4.31 72.3044
4.32 72.6496
4.33 72.9956
4.34 73.3424
4.35 73.69
4.36 74.0384
4.37 74.3876
4.38 74.7376
4.39 75.0884
4.4 75.44
4.41 75.7924
4.42 76.1456
4.43 76.4996
4.44 76.8544
4.45 77.21
4.46 77.5664
4.47 77.9236
4.48 78.2816
4.49 78.6404
4.5 79
4.51 79.3604
4.52 79.7216
4.53 80.0836
4.54 80.4464
4.55 80.81
4.56 81.1744
4.57 81.5396
4.58 81.9056
4.59 82.2724
4.6 82.64
4.61 83.0084
4.62 83.3776
4.63 83.7476
4.64 84.1184
4.65 84.49
4.66 84.8624
4.67 85.2356
4.68 85.6096
4.69 85.9844
4.7 86.36
4.71 86.7364
4.72 87.1136
4.73 87.4916
4.74 87.8704
4.75 88.25
4.76 88.6304
4.77 89.0116
4.78 89.3936
4.79 89.7764
4.8 90.16
4.81 90.5444
4.82 90.9296
4.83 91.3156
4.84 91.7024
4.85 92.09
4.86 92.4784
4.87 92.8676
4.88 93.2576
4.89 93.6484
4.9 94.04
4.91 94.4324
4.92 94.8256
4.93 95.2196
4.94 95.6144
4.95 96.01
4.96 96.4064
4.97 96.8036
4.98 97.2016
4.99 97.6004
5 98
