-5 97.211
-4.99 96.8147
-4.98 96.4193
-4.97 96.0247
-4.96 95.6308
-4.95 95.2378
-4.94 94.8455
-4.93 94.454
-4.92 94.0634
-4.91 93.6735
-4.9 93.2844
-4.89 92.8961
-4.88 92.5086
-4.87 92.1219
-4.86 91.736
-4.85 91.3509
-4.84 90.9665
-4.83 90.583
-4.82 90.2003
-4.81 89.8183
-4.8 89.4372
-4.79 89.0568
-4.78 88.6772
-4.77 88.2985
-4.76 87.9205
-4.75 87.5433
-4.74 87.1669
-4.73 86.7913
-4.72 86.4165
-4.71 86.0425
-4.7 85.6693
-4.69 85.2968
-4.68 84.9252
-4.67 84.5543
-4.66 84.1843
-4.65 83.815
-4.64 83.4466
-4.63 83.0789
-4.62 82.712
-4.61 82.346
-4.6 81.9807
-4.59 81.6162
-4.58 81.2525
-4.57 80.8896
-4.56 80.5274
-4.55 80.1661
-4.54 79.8056
-4.53 79.4459
-4.52 79.0869
-4.51 78.7288
-4.5 78.3714
-4.49 78.0148
-4.48 77.6591
-4.47 77.3041
-4.46 76.9499
-4.45 76.5965
-4.44 76.2439
-4.43 75.8921
-4.42 75.5411
-4.41 75.1909
-4.4 74.8415
-4.39 74.4928
-4.38 74.145
-4.37 73.798
-4.36 73.4517
-4.35 73.1062
-4.34 72.7616
-4.33 72.4177
-4.32 72.0746
-4.31 71.7323
-4.3 71.3908
-4.29 71.0502
-4.28 70.7102
-4.27 70.3711
-4.26 70.0328
-4.25 69.6953
-4.24 69.3586
-4.23 69.0226
-4.22 68.6875
-4.21 68.3531
-4.2 68.0196
-4.19 67.6868
-4.18 67.3548
-4.17 67.0236
-4.16 66.6933
-4.15 66.3637
-4.14 66.0349
-4.13 65.7069
-4.12 65.3796
-4.11 65.0532
-4.1 64.7276
-4.09 64.4028
-4.08 64.0787
-4.07 63.7555
-4.06 63.433
-4.05 63.1114
-4.04 62.7905
-4.03 62.4704
-4.02 62.1511
-4.01 61.8326
-4 61.515
-3.99 61.1981
-3.98 60.8819
-3.97 60.5666
-3.96 60.2521
-3.95 59.9384
-3.94 59.6254
-3.93 59.3133
-3.92 59.002
-3.91 58.6914
-3.9 58.3816
-3.89 58.0727
-3.88 57.7645
-3.87 57.4571
-3.86 57.1505
-3.85 56.8447
-3.84 56.5397
-3.83 56.2355
-3.82 55.9321
-3.81 55.6295
-3.8 55.3276
-3.79 55.0266
-3.78 54.7264
-3.77 54.4269
-3.76 54.1283
-3.75 53.8304
-3.74 53.5333
-3.73 53.237
-3.72 52.9416
-3.71 52.6469
-3.7 52.353
-3.69 52.0599
-3.68 51.7676
-3.67 51.476
-3.66 51.1853
-3.65 50.8954
-3.64 50.6063
-3.63 50.3179
-3.62 50.0304
-3.61 49.7436
-3.6 49.4576
-3.59 49.1725
-3.58 48.8881
-3.57 48.6045
-3.56 48.3217
-3.55 48.0397
-3.54 47.7585
-3.53 47.4781
-3.52 47.1985
-3.51 46.9196
-3.5 46.6416
-3.49 46.3644
-3.48 46.0879
-3.47 45.8123
-3.46 45.5374
-3.45 45.2634
-3.44 44.9901
-3.43 44.7176
-3.42 44.4459
-3.41 44.175
-3.4 43.9049
-3.39 43.6356
-3.38 43.3671
-3.37 43.0994
-3.36 42.8325
-3.35 42.5663
-3.34 42.301
-3.33 42.0364
-3.32 41.7727
-3.31 41.5097
-3.3 41.2476
-3.29 40.9862
-3.28 40.7256
-3.27 40.4658
-3.26 40.2068
-3.25 39.9486
-3.24 39.6912
-3.23 39.4346
-3.22 39.1788
-3.21 38.9237
-3.2 38.6695
-3.19 38.4161
-3.18 38.1634
-3.17 37.9116
-3.16 37.6605
-3.15 37.4102
-3.14 37.1608
-3.13 36.9121
-3.12 36.6642
-3.11 36.4171
-3.1 36.1708
-3.09 35.9253
-3.08 35.6806
-3.07 35.4366
-3.06 35.1935
-3.05 34.9512
-3.04 34.7096
-3.03 34.4689
-3.02 34.2289
-3.01 33.9898
-3 33.7514
-2.99 33.5138
-2.98 33.277
-2.97 33.041
-2.96 32.8058
-2.95 32.5714
-2.94 32.3378
-2.93 32.105
-2.92 31.873
-2.91 31.6418
-2.9 31.4113
-2.89 31.1817
-2.88 30.9528
-2.87 30.7248
-2.86 30.4975
-2.85 30.271
-2.84 30.0453
-2.83 29.8205
-2.82 29.5964
-2.81 29.3731
-2.8 29.1506
-2.79 28.9289
-2.78 28.7079
-2.77 28.4878
-2.76 28.2685
-2.75 28.0499
-2.74 27.8322
-2.73 27.6152
-2.72 27.3991
-2.71 27.1837
-2.7 26.9691
-2.69 26.7554
-2.68 26.5424
-2.67 26.3302
-2.66 26.1188
-2.65 25.9082
-2.64 25.6984
-2.63 25.4893
-2.62 25.2811
-2.61 25.0737
-2.6 24.867
-2.59 24.6612
-2.58 24.4561
-2.57 24.2519
-2.56 24.0484
-2.55 23.8457
-2.54 23.6439
-2.53 23.4428
-2.52 23.2425
-2.51 23.043
-2.5 22.8443
-2.49 22.6464
-2.48 22.4492
-2.47 22.2529
-2.46 22.0574
-2.45 21.8626
-2.44 21.6687
-2.43 21.4755
-2.42 21.2832
-2.41 21.0916
-2.4 20.9008
-2.39 20.7108
-2.38 20.5217
-2.37 20.3333
-2.36 20.1457
-2.35 19.9588
-2.34 19.7728
-2.33 19.5876
-2.32 19.4032
-2.31 19.2195
-2.3 19.0367
-2.29 18.8546
-2.28 18.6734
-2.27 18.4929
-2.26 18.3133
-2.25 18.1344
-2.24 17.9563
-2.23 17.779
-2.22 17.6025
-2.21 17.4268
-2.2 17.2519
-2.19 17.0778
-2.18 16.9045
-2.17 16.7319
-2.16 16.5602
-2.15 16.3892
-2.14 16.2191
-2.13 16.0497
-2.12 15.8812
-2.11 15.7134
-2.1 15.5464
-2.09 15.3802
-2.08 15.2148
-2.07 15.0502
-2.06 14.8864
-2.05 14.7234
-2.04 14.5612
-2.03 14.3998
-2.02 14.2392
-2.01 14.0793
-2 13.9203
-1.99 13.762
-1.98 13.6046
-1.97 13.4479
-1.96 13.292
-1.95 13.1369
-1.94 12.9827
-1.93 12.8292
-1.92 12.6765
-1.91 12.5246
-1.9 12.3734
-1.89 12.2231
-1.88 12.0736
-1.87 11.9249
-1.86 11.7769
-1.85 11.6298
-1.84 11.4834
-1.83 11.3379
-1.82 11.1931
-1.81 11.0491
-1.8 10.9059
-1.79 10.7636
-1.78 10.622
-1.77 10.4812
-1.76 10.3411
-1.75 10.2019
-1.74 10.0635
-1.73 9.92589
-1.72 9.78905
-1.71 9.65301
-1.7 9.51776
-1.69 9.38331
-1.68 9.24964
-1.67 9.11678
-1.66 8.9847
-1.65 8.85342
-1.64 8.72293
-1.63 8.59323
-1.62 8.46433
-1.61 8.33622
-1.6 8.20891
-1.59 8.08239
-1.58 7.95666
-1.57 7.83172
-1.56 7.70758
-1.55 7.58423
-1.54 7.46167
-1.53 7.33991
-1.52 7.21894
-1.51 7.09876
-1.5 6.97938
-1.49 6.86079
-1.48 6.74299
-1.47 6.62599
-1.46 6.50978
-1.45 6.39436
-1.44 6.27974
-1.43 6.16591
-1.42 6.05287
-1.41 5.94062
-1.4 5.82917
-1.39 5.71852
-1.38 5.60865
-1.37 5.49958
-1.36 5.3913
-1.35 5.28382
-1.34 5.17713
-1.33 5.07123
-1.32 4.96612
-1.31 4.86181
-1.3 4.75829
-1.29 4.65557
-1.28 4.55364
-1.27 4.4525
-1.26 4.35215
-1.25 4.2526
-1.24 4.15384
-1.23 4.05588
-1.22 3.9587
-1.21 3.86232
-1.2 3.76674
-1.19 3.67194
-1.18 3.57795
-1.17 3.48474
-1.16 3.39233
-1.15 3.30071
-1.14 3.20988
-1.13 3.11985
-1.12 3.03061
-1.11 2.94216
-1.1 2.85451
-1.09 2.76765
-1.08 2.68158
-1.07 2.5963
-1.06 2.51182
-1.05 2.42814
-1.04 2.34524
-1.03 2.26314
-1.02 2.18183
-1.01 2.10132
-1 2.0216
-0.99 1.94267
-0.98 1.86454
-0.97 1.7872
-0.96 1.71065
-0.95 1.63489
-0.94 1.55993
-0.93 1.48576
-0.92 1.41239
-0.91 1.33981
-0.9 1.26802
-0.89 1.19702
-0.88 1.12682
-0.87 1.05741
-0.86 0.988794
-0.85 0.920972
-0.84 0.853943
-0.83 0.787707
-0.82 0.722264
-0.81 0.657615
-0.8 0.593758
-0.79 0.530696
-0.78 0.468426
-0.77 0.406949
-0.76 0.346266
-0.75 0.286376
-0.74 0.227279
-0.73 0.168976
-0.72 0.111466
-0.71 0.0547487
-0.7 -0.00117506
-0.69 -0.0563056
-0.68 -0.110643
-0.67 -0.164187
-0.66 -0.216938
-0.65 -0.268895
-0.64 -0.320059
-0.63 -0.37043
-0.62 -0.420008
-0.61 -0.468793
-0.6 -0.516784
-0.59 -0.563982
-0.58 -0.610387
-0.57 -0.655999
-0.56 -0.700817
-0.55 -0.744842
-0.54 -0.788074
-0.53 -0.830512
-0.52 -0.872158
-0.51 -0.91301
-0.5 -0.953069
-0.49 -0.992334
-0.48 -1.03081
-0.47 -1.06849
-0.46 -1.10537
-0.45 -1.14146
-0.44 -1.17676
-0.43 -1.21127
-0.42 -1.24498
-0.41 -1.2779
-0.4 -1.31003
-0.39 -1.34136
-0.38 -1.3719
-0.37 -1.40165
-0.36 -1.4306
-0.35 -1.45876
-0.34 -1.48613
-0.33 -1.5127
-0.32 -1.53848
-0.31 -1.56347
-0.3 -1.58766
-0.29 -1.61107
-0.28 -1.63367
-0.27 -1.65549
-0.26 -1.67651
-0.25 -1.69674
-0.24 -1.71617
-0.23 -1.73481
-0.22 -1.75266
-0.21 -1.76971
-0.2 -1.78598
-0.19 -1.80144
-0.18 -1.81612
-0.17 -1.83
-0.16 -1.84309
-0.15 -1.85538
-0.14 -1.86689
-0.13 -1.8776
-0.12 -1.88751
-0.11 -1.89663
-0.1 -1.90496
-0.09 -1.9125
-0.08 -1.91924
-0.07 -1.92519
-0.06 -1.93035
-0.05 -1.93471
-0.04 -1.93828
-0.03 -1.94106
-0.02 -1.94304
-0.01 -1.94423
-6.23078e-14 -1.94462
0.01 -1.94423
0.02 -1.94304
0.03 -1.94106
0.04 -1.93828
0.05 -1.93471
0.06 -1.93035
0.07 -1.92519
0.08 -1.91924
0.09 -1.9125
0.1 -1.90496
0.11 -1.89663
0.12 -1.88751
0.13 -1.8776
0.14 -1.86689
0.15 -1.85538
0.16 -1.84309
0.17 -1.83
0.18 -1.81612
0.19 -1.80144
0.2 -1.78598
0.21 -1.76971
0.22 -1.75266
0.23 -1.73481
0.24 -1.71617
0.25 -1.69674
0.26 -1.67651
0.27 -1.65549
0.28 -1.63367
0.29 -1.61107
0.3 -1.58766
0.31 -1.56347
0.32 -1.53848
0.33 -1.5127
0.34 -1.48613
0.35 -1.45876
0.36 -1.4306
0.37 -1.40165
0.38 -1.3719
0.39 -1.34136
0.4 -1.31003
0.41 -1.2779
0.42 -1.24498
0.43 -1.21127
0.44 -1.17676
0.45 -1.14146
0.46 -1.10537
0.47 -1.06849
0.48 -1.03081
0.49 -0.992334
0.5 -0.953069
0.51 -0.91301
0.52 -0.872158
0.53 -0.830512
0.54 -0.788074
0.55 -0.744842
0.56 -0.700817
0.57 -0.655999
0.58 -0.610387
0.59 -0.563982
0.6 -0.516784
0.61 -0.468793
0.62 -0.420008
0.63 -0.37043
0.64 -0.320059
0.65 -0.268895
0.66 -0.216938
0.67 -0.164187
0.68 -0.110643
0.69 -0.0563056
0.7 -0.00117506
0.71 0.0547487
0.72 0.111466
0.73 0.168976
0.74 0.227279
0.75 0.286376
0.76 0.346266
0.77 0.406949
0.78 0.468426
0.79 0.530696
0.8 0.593758
0.81 0.657615
0.82 0.722264
0.83 0.787707
0.84 0.853943
0.85 0.920972
0.86 0.988794
0.87 1.05741
0.88 1.12682
0.89 1.19702
0.9 1.26802
0.91 1.33981
0.92 1.41239
0.93 1.48576
0.94 1.55993
0.95 1.63489
0.96 1.71065
0.97 1.7872
0.98 1.86454
0.99 1.94267
1 2.0216
1.01 2.10132
1.02 2.18183
1.03 2.26314
1.04 2.34524
1.05 2.42814
1.06 2.51182
1.07 2.5963
1.08 2.68158
1.09 2.76765
1.1 2.85451
1.11 2.94216
1.12 3.03061
1.13 3.11985
1.14 3.20988
1.15 3.30071
1.16 3.39233
1.17 3.48474
1.18 3.57795
1.19 3.67194
1.2 3.76674
1.21 3.86232
1.22 3.9587
1.23 4.05588
1.24 4.15384
1.25 4.2526
1.26 4.35215
1.27 4.4525
1.28 4.55364
1.29 4.65557
1.3 4.75829
1.31 4.86181
1.32 4.96612
1.33 5.07123
1.34 5.17713
1.35 5.28382
1.36 5.3913
1.37 5.49958
1.38 5.60865
1.39 5.71852
1.4 5.82917
1.41 5.94062
1.42 6.05287
1.43 6.16591
1.44 6.27974
1.45 6.39436
1.46 6.50978
1.47 6.62599
1.48 6.74299
1.49 6.86079
1.5 6.97938
1.51 7.09876
1.52 7.21894
1.53 7.33991
1.54 7.46167
1.55 7.58423
1.56 7.70758
1.57 7.83172
1.58 7.95666
1.59 8.08239
1.6 8.20891
1.61 8.33622
1.62 8.46433
1.63 8.59323
1.64 8.72293
1.65 8.85342
1.66 8.9847
1.67 9.11678
1.68 9.24964
1.69 9.38331
1.7 9.51776
1.71 9.65301
1.72 9.78905
1.73 9.92589
1.74 10.0635
1.75 10.2019
1.76 10.3411
1.77 10.4812
1.78 10.622
1.79 10.7636
1.8 10.9059
1.81 11.0491
1.82 11.1931
1.83 11.3379
1.84 11.4834
1.85 11.6298
1.86 11.7769
1.87 11.9249
1.88 12.0736
1.89 12.2231
1.9 12.3734
1.91 12.5246
1.92 12.6765
1.93 12.8292
1.94 12.9827
1.95 13.1369
1.96 13.292
1.97 13.4479
1.98 13.6046
1.99 13.762
2 13.9203
2.01 14.0793
2.02 14.2392
2.03 14.3998
2.04 14.5612
2.05 14.7234
2.06 14.8864
2.07 15.0502
2.08 15.2148
2.09 15.3802
2.1 15.5464
2.11 15.7134
2.12 15.8812
2.13 16.0497
2.14 16.2191
2.15 16.3892
2.16 16.5602
2.17 16.7319
2.18 16.9045
2.19 17.0778
2.2 17.2519
2.21 17.4268
2.22 17.6025
2.23 17.779
2.24 17.9563
2.25 18.1344
2.26 18.3133
2.27 18.4929
2.28 18.6734
2.29 18.8546
2.3 19.0367
2.31 19.2195
2.32 19.4032
2.33 19.5876
2.34 19.7728
2.35 19.9588
2.36 20.1457
2.37 20.3333
2.38 20.5217
2.39 20.7108
2.4 20.9008
2.41 21.0916
2.42 21.2832
2.43 21.4755
2.44 21.6687
2.45 21.8626
2.46 22.0574
2.47 22.2529
2.48 22.4492
2.49 22.6464
2.5 22.8443
2.51 23.043
2.52 23.2425
2.53 23.4428
2.54 23.6439
2.55 23.8457
2.56 24.0484
2.57 24.2519
2.58 24.4561
2.59 24.6612
2.6 24.867
2.61 25.0737
2.62 25.2811
2.63 25.4893
2.64 25.6984
2.65 25.9082
2.66 26.1188
2.67 26.3302
2.68 26.5424
2.69 26.7554
2.7 26.9691
2.71 27.1837
2.72 27.3991
2.73 27.6152
2.74 27.8322
2.75 28.0499
2.76 28.2685
2.77 28.4878
2.78 28.7079
2.79 28.9289
2.8 29.1506
2.81 29.3731
2.82 29.5964
2.83 29.8205
2.84 30.0453
2.85 30.271
2.86 30.4975
2.87 30.7248
2.88 30.9528
2.89 31.1817
2.9 31.4113
2.91 31.6418
2.92 31.873
2.93 32.105
2.94 32.3378
2.95 32.5714
2.96 32.8058
2.97 33.041
2.98 33.277
2.99 33.5138
3 33.7514
3.01 33.9898
3.02 34.2289
3.03 34.4689
3.04 34.7096
3.05 34.9512
3.06 35.1935
3.07 35.4366
3.08 35.6806
3.09 35.9253
3.1 36.1708
3.11 36.4171
3.12 36.6642
3.13 36.9121
3.14 37.1608
3.15 37.4102
3.16 37.6605
3.17 37.9116
3.18 38.1634
3.19 38.4161
3.2 38.6695
3.21 38.9237
3.22 39.1788
3.23 39.4346
3.24 39.6912
3.25 39.9486
3.26 40.2068
3.27 40.4658
3.28 40.7256
3.29 40.9862
3.3 41.2476
3.31 41.5097
3.32 41.7727
3.33 42.0364
3.34 42.301
3.35 42.5663
3.36 42.8325
3.37 43.0994
3.38 43.3671
3.39 43.6356
3.4 43.9049
3.41 44.175
3.42 44.4459
3.43 44.7176
3.44 44.9901
3.45 45.2634
3.46 45.5374
3.47 45.8123
3.48 46.0879
3.49 46.3644
3.5 46.6416
3.51 46.9196
3.52 47.1985
3.53 47.4781
3.54 47.7585
3.55 48.0397
3.56 48.3217
3.57 48.6045
3.58 48.8881
3.59 49.1725
3.6 49.4576
3.61 49.7436
3.62 50.0304
3.63 50.3179
3.64 50.6063
3.65 50.8954
3.66 51.1853
3.67 51.476
3.68 51.7676
3.69 52.0599
3.7 52.353
3.71 52.6469
3.72 52.9416
3.73 53.237
3.74 53.5333
3.75 53.8304
3.76 54.1283
3.77 54.4269
3.78 54.7264
3.79 55.0266
3.8 55.3276
3.81 55.6295
3.82 55.9321
3.83 56.2355
3.84 56.5397
3.85 56.8447
3.86 57.1505
3.87 57.4571
3.88 57.7645
3.89 58.0727
3.9 58.3816
3.91 58.6914
3.92 59.002
3.93 59.3133
3.94 59.6254
3.95 59.9384
3.96 60.2521
3.97 60.5666
3.98 60.8819
3.99 61.1981
4 61.515
4.01 61.8326
4.02 62.1511
4.03 62.4704
4.04 62.7905
4.05 63.1114
4.06 63.433
4.07 63.7555
4.08 64.0787
4.09 64.4028
4.1 64.7276
4.11 65.0532
4.12 65.3796
4.13 65.7069
4.14 66.0349
4.15 66.3637
4.16 66.6933
4.17 67.0236
4.18 67.3548
4.19 67.6868
4.2 68.0196
4.21 68.3531
4.22 68.6875
4.23 69.0226
4.24 69.3586
4.25 69.6953
4.26 70.0328
4.27 70.3711
4.28 70.7102
4.29 71.0502
4.3 71.3908
4.31 71.7323
4.32 72.0746
4.33 72.4177
4.34 72.7616
4.35 73.1062
4.36 73.4517
4.37 73.798
4.38 74.145
4.39 74.4928
4.4 74.8415
4.41 75.1909
4.42 75.5411
4.43 75.8921
4.44 76.2439
4.45 76.5965
4.46 76.9499
4.47 77.3041
4.48 77.6591
4.49 78.0148
4.5 78.3714
4.51 78.7288
4.52 79.0869
4.53 79.4459
4.54 79.8056
4.55 80.1661
4.56 80.5274
4.57 80.8896
4.58 81.2525
4.59 81.6162
4.6 81.9807
4.61 82.346
4.62 82.712
4.63 83.0789
4.64 83.4466
4.65 83.815
4.66 84.1843
4.67 84.5543
4.68 84.9252
4.69 85.2968
4.7 85.6693
4.71 86.0425
4.72 86.4165
4.73 86.7913
4.74 87.1669
4.75 87.5433
4.76 87.9205
4.77 88.2985
4.78 88.6772
4.79 89.0568
4.8 89.4372
4.81 89.8183
4.82 90.2003
4.83 90.583
4.84 90.9665
4.85 91.3509
4.86 91.736
4.87 92.1219
4.88 92.5086
4.89 92.8961
4.9 93.2844
4.91 93.6735
4.92 94.0634
4.93 94.454
4.94 94.8455
4.95 95.2378
4.96 95.6308
4.97 96.0247
4.98 96.4193
4.99 96.8147
5 97.211
