-5 -19
-4.99 -18.96
-4.98 -18.92
-4.97 -18.88
-4.96 -18.84
-4.95 -18.8
-4.94 -18.76
-4.93 -18.72
-4.92 -18.68
-4.91 -18.64
-4.9 -18.6
-4.89 -18.56
-4.88 -18.52
-4.87 -18.48
-4.86 -18.44
-4.85 -18.4
-4.84 -18.36
-4.83 -18.32
-4.82 -18.28
-4.81 -18.24
-4.8 -18.2
-4.79 -18.16
-4.78 -18.12
-4.77 -18.08
-4.76 -18.04
-4.75 -18
-4.74 -17.96
-4.73 -17.92
-4.72 -17.88
-4.71 -17.84
-4.7 -17.8
-4.69 -17.76
-4.68 -17.72
-4.67 -17.68
-4.66 -17.64
-4.65 -17.6
-4.64 -17.56
-4.63 -17.52
-4.62 -17.48
-4.61 -17.44
-4.6 -17.4
-4.59 -17.36
-4.58 -17.32
-4.57 -17.28
-4.56 -17.24
-4.55 -17.2
-4.54 -17.16
-4.53 -17.12
-4.52 -17.08
-4.51 -17.04
-4.5 -17
-4.49 -16.96
-4.48 -16.92
-4.47 -16.88
-4.46 -16.84
-4.45 -16.8
-4.44 -16.76
-4.43 -16.72
-4.42 -16.68
-4.41 -16.64
-4.4 -16.6
-4.39 -16.56
-4.38 -16.52
-4.37 -16.48
-4.36 -16.44
-4.35 -16.4
-4.34 -16.36
-4.33 -16.32
-4.32 -16.28
-4.31 -16.24
-4.3 -16.2
-4.29 -16.16
-4.28 -16.12
-4.27 -16.08
-4.26 -16.04
-4.25 -16
-4.24 -15.96
-4.23 -15.92
-4.22 -15.88
-4.21 -15.84
-4.2 -15.8
-4.19 -15.76
-4.18 -15.72
-4.17 -15.68
-4.16 -15.64
-4.15 -15.6
-4.14 -15.56
-4.13 -15.52
-4.12 -15.48
-4.11 -15.44
-4.1 -15.4
-4.09 -15.36
-4.08 -15.32
-4.07 -15.28
-4.06 -15.24
-4.05 -15.2
-4.04 -15.16
-4.03 -15.12
-4.02 -15.08
-4.01 -15.04
-4 -15
-3.99 -14.96
-3.98 -14.92
-3.97 -14.88
-3.96 -14.84
-3.95 -14.8
-3.94 -14.76
-3.93 -14.72
-3.92 -14.68
-3.91 -14.64
-3.9 -14.6
-3.89 -14.56
-3.88 -14.52
-3.87 -14.48
-3.86 -14.44
-3.85 -14.4
-3.84 -14.36
-3.83 -14.32
-3.82 -14.28
-3.81 -14.24
-3.8 -14.2
-3.79 -14.16
-3.78 -14.12
-3.77 -14.08
-3.76 -14.04
-3.75 -14
-3.74 -13.96
-3.73 -13.92
-3.72 -13.88
-3.71 -13.84
-3.7 -13.8
-3.69 -13.76
-3.68 -13.72
-3.67 -13.68
-3.66 -13.64
-3.65 -13.6
-3.64 -13.56
-3.63 -13.52
-3.62 -13.48
-3.61 -13.44
-3.6 -13.4
-3.59 -13.36
-3.58 -13.32
-3.57 -13.28
-3.56 -13.24
-3.55 -13.2
-3.54 -13.16
-3.53 -13.12
-3.52 -13.08
-3.51 -13.04
-3.5 -13
-3.49 -12.96
-3.48 -12.92
-3.47 -12.88
-3.46 -12.84
-3.45 -12.8
-3.44 -12.76
-3.43 -12.72
-3.42 -12.68
-3.41 -12.64
-3.4 -12.6
-3.39 -12.56
-3.38 -12.52
-3.37 -12.48
-3.36 -12.44
-3.35 -12.4
-3.34 -12.36
-3.33 -12.32
-3.32 -12.28
-3.31 -12.24
-3.3 -12.2
-3.29 -12.16
-3.28 -12.12
-3.27 -12.08
-3.26 -12.04
-3.25 -12
-3.24 -11.96
-3.23 -11.92
-3.22 -11.88
-3.21 -11.84
-3.2 -11.8
-3.19 -11.76
-3.18 -11.72
-3.17 -11.68
-3.16 -11.64
-3.15 -11.6
-3.14 -11.56
-3.13 -11.52
-3.12 -11.48
-3.11 -11.44
-3.1 -11.4
-3.09 -11.36
-3.08 -11.32
-3.07 -11.28
-3.06 -11.24
-3.05 -11.2
-3.04 -11.16
-3.03 -11.12
-3.02 -11.08
-3.01 -11.04
-3 -11
-2.99 -10.96
-2.98 -10.92
-2.97 -10.88
-2.96 -10.84
-2.95 -10.8
-2.94 -10.76
-2.93 -10.72
-2.92 -10.68
-2.91 -10.64
-2.9 -10.6
-2.89 -10.56
-2.88 -10.52
-2.87 -10.48
-2.86 -10.44
-2.85 -10.4
-2.84 -10.36
-2.83 -10.32
-2.82 -10.28
-2.81 -10.24
-2.8 -10.2
-2.79 -10.16
-2.78 -10.12
-2.77 -10.08
-2.76 -10.04
-2.75 -10
-2.74 -9.96
-2.73 -9.92
-2.72 -9.88
-2.71 -9.84
-2.7 -9.8
-2.69 -9.76
-2.68 -9.72
-2.67 -9.68
-2.66 -9.64
-2.65 -9.6
-2.64 -9.56
-2.63 -9.52
-2.62 -9.48
-2.61 -9.44
-2.6 -9.4
-2.59 -9.36
-2.58 -9.32
-2.57 -9.28
-2.56 -9.24
-2.55 -9.2
-2.54 -9.16
-2.53 -9.12
-2.52 -9.08
-2.51 -9.04
-2.5 -9
-2.49 -8.96
-2.48 -8.92
-2.47 -8.88
-2.46 -8.84
-2.45 -8.8
-2.44 -8.76
-2.43 -8.72
-2.42 -8.68
-2.41 -8.64
-2.4 -8.6
-2.39 -8.56
-2.38 -8.52
-2.37 -8.48
-2.36 -8.44
-2.35 -8.4
-2.34 -8.36
-2.33 -8.32
-2.32 -8.28
-2.31 -8.24
-2.3 -8.2
-2.29 -8.16
-2.28 -8.12
-2.27 -8.08
-2.26 -8.04
-2.25 -8
-2.24 -7.96
-2.23 -7.92
-2.22 -7.88
-2.21 -7.84
-2.2 -7.8
-2.19 -7.76
-2.18 -7.72
-2.17 -7.68
-2.16 -7.64
-2.15 -7.6
-2.14 -7.56
-2.13 -7.52
-2.12 -7.48
-2.11 -7.44
-2.1 -7.4
-2.09 -7.36
-2.08 -7.32
-2.07 -7.28
-2.06 -7.24
-2.05 -7.2
-2.04 -7.16
-2.03 -7.12
-2.02 -7.08
-2.01 -7.04
-2 -7
-1.99 -6.96
-1.98 -6.92
-1.97 -6.88
-1.96 -6.84
-1.95 -6.8
-1.94 -6.76
-1.93 -6.72
-1.92 -6.68
-1.91 -6.64
-1.9 -6.6
-1.89 -6.56
-1.88 -6.52
-1.87 -6.48
-1.86 -6.44
-1.85 -6.4
-1.84 -6.36
-1.83 -6.32
-1.82 -6.28
-1.81 -6.24
-1.8 -6.2
-1.79 -6.16
-1.78 -6.12
-1.77 -6.08
-1.76 -6.04
-1.75 -6
-1.74 -5.96
-1.73 -5.92
-1.72 -5.88
-1.71 -5.84
-1.7 -5.8
-1.69 -5.76
-1.68 -5.72
-1.67 -5.68
-1.66 -5.64
-1.65 -5.6
-1.64 -5.56
-1.63 -5.52
-1.62 -5.48
-1.61 -5.44
-1.6 -5.4
-1.59 -5.36
-1.58 -5.32
-1.57 -5.28
-1.56 -5.24
-1.55 -5.2
-1.54 -5.16
-1.53 -5.12
-1.52 -5.08
-1.51 -5.04
-1.5 -5
-1.49 -4.96
-1.48 -4.92
-1.47 -4.88
-1.46 -4.84
-1.45 -4.8
-1.44 -4.76
-1.43 -4.72
-1.42 -4.68
-1.41 -4.64
-1.4 -4.6
-1.39 -4.56
-1.38 -4.52
-1.37 -4.48
-1.36 -4.44
-1.35 -4.4
-1.34 -4.36
-1.33 -4.32
-1.32 -4.28
-1.31 -4.24
-1.3 -4.2
-1.29 -4.16
-1.28 -4.12
-1.27 -4.08
-1.26 -4.04
-1.25 -4
-1.24 -3.96
-1.23 -3.92
-1.22 -3.88
-1.21 -3.84
-1.2 -3.8
-1.19 -3.76
-1.18 -3.72
-1.17 -3.68
-1.16 -3.64
-1.15 -3.6
-1.14 -3.56
-1.13 -3.52
-1.12 -3.48
-1.11 -3.44
-1.1 -3.4
-1.09 -3.36
-1.08 -3.32
-1.07 -3.28
-1.06 -3.24
-1.05 -3.2
-1.04 -3.16
-1.03 -3.12
-1.02 -3.08
-1.01 -3.04
-1 -3
-0.99 -2.96
-0.98 -2.92
-0.97 -2.88
-0.96 -2.84
-0.95 -2.8
-0.94 -2.76
-0.93 -2.72
-0.92 -2.68
-0.91 -2.64
-0.9 -2.6
-0.89 -2.56
-0.88 -2.52
-0.87 -2.48
-0.86 -2.44
-0.85 -2.4
-0.84 -2.36
-0.83 -2.32
-0.82 -2.28
-0.81 -2.24
-0.8 -2.2
-0.79 -2.16
-0.78 -2.12
-0.77 -2.08
-0.76 -2.04
-0.75 -2
-0.74 -1.96
-0.73 -1.92
-0.72 -1.88
-0.71 -1.84
-0.7 -1.8
-0.69 -1.76
-0.68 -1.72
-0.67 -1.68
-0.66 -1.64
-0.65 -1.6
-0.64 -1.56
-0.63 -1.52
-0.62 -1.48
-0.61 -1.44
-0.6 -1.4
-0.59 -1.36
-0.58 -1.32
-0.57 -1.28
-0.56 -1.24
-0.55 -1.2
-0.54 -1.16
-0.53 -1.12
-0.52 -1.08
-0.51 -1.04
-0.5 -1
-0.49 -0.96
-0.48 -0.92
-0.47 -0.88
-0.46 -0.84
-0.45 -0.8
-0.44 -0.76
-0.43 -0.72
-0.42 -0.68
-0.41 -0.64
-0.4 -0.6
-0.39 -0.56
-0.38 -0.52
-0.37 -0.48
-0.36 -0.44
-0.35 -0.4
-0.34 -0.36
-0.33 -0.32
-0.32 -0.28
-0.31 -0.24
-0.3 -0.2
-0.29 -0.16
-0.28 -0.12
-0.27 -0.08
-0.26 -0.04
-0.25 -2.49578e-13
-0.24 0.04
-0.23 0.08
-0.22 0.12
-0.21 0.16
-0.2 0.2
-0.19 0.24
-0.18 0.28
-0.17 0.32
-0.16 0.36
-0.15 0.4
-0.14 0.44
-0.13 0.48
-0.12 0.52
-0.11 0.56
-0.1 0.6
-0.09 0.64
-0.08 0.68
-0.07 0.72
-0.06 0.76
-0.05 0.8
-0.04 0.84
-0.03 0.88
-0.02 0.92
-0.01 0.96
-6.23078e-14 1
0.01 1.04
0.02 1.08
0.03 1.12
0.04 1.16
0.05 1.2
0.06 1.24
0.07 1.28
0.08 1.32
0.09 1.36
0.1 1.4
0.11 1.44
0.12 1.48
0.13 1.52
0.14 1.56
0.15 1.6
0.16 1.64
0.17 1.68
0.18 1.72
0.19 1.76
0.2 1.8
0.21 1.84
0.22 1.88
0.23 1.92
0.24 1.96
0.25 2
0.26 2.04
0.27 2.08
0.28 2.12
0.29 2.16
0.3 2.2
0.31 2.24
0.32 2.28
0.33 2.32
0.34 2.36
0.35 2.4
0.36 2.44
0.37 2.48
0.38 2.52
0.39 2.56
0.4 2.6
0.41 2.64
0.42 2.68
0.43 2.72
0.44 2.76
0.45 2.8
0.46 2.84
0.47 2.88
0.48 2.92
0.49 2.96
0.5 3
0.51 3.04
0.52 3.08
0.53 3.12
0.54 3.16
0.55 3.2
0.56 3.24
0.57 3.28
0.58 3.32
0.59 3.36
0.6 3.4
0.61 3.44
0.62 3.48
0.63 3.52
0.64 3.56
0.65 3.6
0.66 3.64
0.67 3.68
0.68 3.72
0.69 3.76
0.7 3.8
0.71 3.84
0.72 3.88
0.73 3.92
0.74 3.96
0.75 4
0.76 4.04
0.77 4.08
0.78 4.12
0.79 4.16
0.8 4.2
0.81 4.24
0.82 4.28
0.83 4.32
0.84 4.36
0.85 4.4
0.86 4.44
0.87 4.48
0.88 4.52
0.89 4.56
0.9 4.6
0.91 4.64
0.92 4.68
0.93 4.72
0.94 4.76
0.95 4.8
0.96 4.84
0.97 4.88
0.98 4.92
0.99 4.96
1 5
1.01 5.04
1.02 5.08
1.03 5.12
1.04 5.16
1.05 5.2
1.06 5.24
1.07 5.28
1.08 5.32
1.09 5.36
1.1 5.4
1.11 5.44
1.12 5.48
1.13 5.52
1.14 5.56
1.15 5.6
1.16 5.64
1.17 5.68
1.18 5.72
1.19 5.76
1.2 5.8
1.21 5.84
1.22 5.88
1.23 5.92
1.24 5.96
1.25 6
1.26 6.04
1.27 6.08
1.28 6.12
1.29 6.16
1.3 6.2
1.31 6.24
1.32 6.28
1.33 6.32
1.34 6.36
1.35 6.4
1.36 6.44
1.37 6.48
1.38 6.52
1.39 6.56
1.4 6.6
1.41 6.64
1.42 6.68
1.43 6.72
1.44 6.76
1.45 6.8
1.46 6.84
1.47 6.88
1.48 6.92
1.49 6.96
1.5 7
1.51 7.04
1.52 7.08
1.53 7.12
1.54 7.16
1.55 7.2
1.56 7.24
1.57 7.28
1.58 7.32
1.59 7.36
1.6 7.4
1.61 7.44
1.62 7.48
1.63 7.52
1.64 7.56
1.65 7.6
1.66 7.64
1.67 7.68
1.68 7.72
1.69 7.76
1.7 7.8
1.71 7.84
1.72 7.88
1.73 7.92
1.74 7.96
1.75 8
1.76 8.04
1.77 8.08
1.78 8.12
1.79 8.16
1.8 8.2
1.81 8.24
1.82 8.28
1.83 8.32
1.84 8.36
1.85 8.4
1.86 8.44
1.87 8.48
1.88 8.52
1.89 8.56
1.9 8.6
1.91 8.64
1.92 8.68
1.93 8.72
1.94 8.76
1.95 8.8
1.96 8.84
1.97 8.88
1.98 8.92
1.99 8.96
2 9
2.01 9.04
2.02 9.08
2.03 9.12
2.04 9.16
2.05 9.2
2.06 9.24
2.07 9.28
2.08 9.32
2.09 9.36
2.1 9.4
2.11 9.44
2.12 9.48
2.13 9.52
2.14 9.56
2.15 9.6
2.16 9.64
2.17 9.68
2.18 9.72
2.19 9.76
2.2 9.8
2.21 9.84
2.22 9.88
2.23 9.92
2.24 9.96
2.25 10
2.26 10.04
2.27 10.08
2.28 10.12
2.29 10.16
2.3 10.2
2.31 10.24
2.32 10.28
2.33 10.32
2.34 10.36
2.35 10.4
2.36 10.44
2.37 10.48
2.38 10.52
2.39 10.56
2.4 10.6
2.41 10.64
2.42 10.68
2.43 10.72
2.44 10.76
2.45 10.8
2.46 10.84
2.47 10.88
2.48 10.92
2.49 10.96
2.5 11
2.51 11.04
2.52 11.08
2.53 11.12
2.54 11.16
2.55 11.2
2.56 11.24
2.57 11.28
2.58 11.32
2.59 11.36
2.6 11.4
2.61 11.44
2.62 11.48
2.63 11.52
2.64 11.56
2.65 11.6
2.66 11.64
2.67 11.68
2.68 11.72
2.69 11.76
2.7 11.8
2.71 11.84
2.72 11.88
2.73 11.92
2.74 11.96
2.75 12
2.76 12.04
2.77 12.08
2.78 12.12
2.79 12.16
2.8 12.2
2.81 12.24
2.82 12.28
2.83 12.32
2.84 12.36
2.85 12.4
2.86 12.44
2.87 12.48
2.88 12.52
2.89 12.56
2.9 12.6
2.91 12.64
2.92 12.68
2.93 12.72
2.94 12.76
2.95 12.8
2.96 12.84
2.97 12.88
2.98 12.92
2.99 12.96
3 13
3.01 13.04
3.02 13.08
3.03 13.12
3.04 13.16
3.05 13.2
3.06 13.24
3.07 13.28
3.08 13.32
3.09 13.36
3.1 13.4
3.11 13.44
3.12 13.48
3.13 13.52
3.14 13.56
3.15 13.6
3.16 13.64
3.17 13.68
3.18 13.72
3.19 13.76
3.2 13.8
3.21 13.84
3.22 13.88
3.23 13.92
3.24 13.96
3.25 14
3.26 14.04
3.27 14.08
3.28 14.12
3.29 14.16
3.3 14.2
3.31 14.24
3.32 14.28
3.33 14.32
3.34 14.36
3.35 14.4
3.36 14.44
3.37 14.48
3.38 14.52
3.39 14.56
3.4 14.6
3.41 14.64
3.42 14.68
3.43 14.72
3.44 14.76
3.45 14.8
3.46 14.84
3.47 14.88
3.48 14.92
3.49 14.96
3.5 15
3.51 15.04
3.52 15.08
3.53 15.12
3.54 15.16
3.55 15.2
3.56 15.24
3.57 15.28
3.58 15.32
3.59 15.36
3.6 15.4
3.61 15.44
3.62 15.48
3.63 15.52
3.64 15.56
3.65 15.6
3.66 15.64
3.67 15.68
3.68 15.72
3.69 15.76
3.7 15.8
3.71 15.84
3.72 15.88
3.73 15.92
3.74 15.96
3.75 16
3.76 16.04
3.77 16.08
3.78 16.12
3.79 16.16
3.8 16.2
3.81 16.24
3.82 16.28
3.83 16.32
3.84 16.36
3.85 16.4
3.86 16.44
3.87 16.48
3.88 16.52
3.89 16.56
3.9 16.6
3.91 16.64
3.92 16.68
3.93 16.72
3.94 16.76
3.95 16.8
3.96 16.84
3.97 16.88
3.98 16.92
3.99 16.96
4 17
4.01 17.04
4.02 17.08
4.03 17.12
4.04 17.16
4.05 17.2
4.06 17.24
4.07 17.28
4.08 17.32
4.09 17.36
4.1 17.4
4.11 17.44
4.12 17.48
4.13 17.52
4.14 17.56
4.15 17.6
4.16 17.64
4.17 17.68
4.18 17.72
4.19 17.76
4.2 17.8
4.21 17.84
4.22 17.88
4.23 17.92
4.24 17.96
4.25 18
4.26 18.04
4.27 18.08
4.28 18.12
4.29 18.16
4.3 18.2
4.31 18.24
4.32 18.28
4.33 18.32
4.34 18.36
4.35 18.4
4.36 18.44
4.37 18.48
4.38 18.52
4.39 18.56
4.4 18.6
4.41 18.64
4.42 18.68
4.43 18.72
4.44 18.76
4.45 18.8
4.46 18.84
4.47 18.88
4.48 18.92
4.49 18.96
4.5 19
4.51 19.04
4.52 19.08
4.53 19.12
4.54 19.16
4.55 19.2
4.56 19.24
4.57 19.28
4.58 19.32
4.59 19.36
4.6 19.4
4.61 19.44
4.62 19.48
4.63 19.52
4.64 19.56
4.65 19.6
4.66 19.64
4.67 19.68
4.68 19.72
4.69 19.76
4.7 19.8
4.71 19.84
4.72 19.88
4.73 19.92
4.74 19.96
4.75 20
4.76 20.04
4.77 20.08
4.78 20.12
4.79 20.16
4.8 20.2
4.81 20.24
4.82 20.28
4.83 20.32
4.84 20.36
4.85 20.4
4.86 20.44
4.87 20.48
4.88 20.52
4.89 20.56
4.9 20.6
4.91 20.64
4.92 20.68
4.93 20.72
4.94 20.76
4.95 20.8
4.96 20.84
4.97 20.88
4.98 20.92
4.99 20.96
5 21
