-5 104.591
-4.99 104.132
-4.98 103.674
-4.97 103.218
-4.96 102.762
-4.95 102.308
-4.94 101.855
-4.93 101.403
-4.92 100.952
-4.91 100.502
-4.9 100.054
-4.89 99.6068
-4.88 99.1608
-4.87 98.7159
-4.86 98.2722
-4.85 97.8296
-4.84 97.3882
-4.83 96.948
-4.82 96.5089
-4.81 96.071
-4.8 95.6343
-4.79 95.1987
-4.78 94.7642
-4.77 94.3309
-4.76 93.8988
-4.75 93.4678
-4.74 93.038
-4.73 92.6093
-4.72 92.1817
-4.71 91.7553
-4.7 91.33
-4.69 90.9059
-4.68 90.4829
-4.67 90.0611
-4.66 89.6404
-4.65 89.2208
-4.64 88.8023
-4.63 88.385
-4.62 87.9688
-4.61 87.5538
-4.6 87.1399
-4.59 86.7271
-4.58 86.3154
-4.57 85.9048
-4.56 85.4954
-4.55 85.0871
-4.54 84.6799
-4.53 84.2738
-4.52 83.8688
-4.51 83.465
-4.5 83.0622
-4.49 82.6606
-4.48 82.2601
-4.47 81.8607
-4.46 81.4624
-4.45 81.0652
-4.44 80.6691
-4.43 80.2741
-4.42 79.8802
-4.41 79.4874
-4.4 79.0957
-4.39 78.7051
-4.38 78.3156
-4.37 77.9272
-4.36 77.5398
-4.35 77.1536
-4.34 76.7685
-4.33 76.3844
-4.32 76.0015
-4.31 75.6196
-4.3 75.2388
-4.29 74.8591
-4.28 74.4804
-4.27 74.1029
-4.26 73.7264
-4.25 73.351
-4.24 72.9767
-4.23 72.6035
-4.22 72.2313
-4.21 71.8602
-4.2 71.4901
-4.19 71.1212
-4.18 70.7533
-4.17 70.3865
-4.16 70.0207
-4.15 69.656
-4.14 69.2924
-4.13 68.9298
-4.12 68.5683
-4.11 68.2078
-4.1 67.8484
-4.09 67.49
-4.08 67.1328
-4.07 66.7765
-4.06 66.4213
-4.05 66.0672
-4.04 65.7141
-4.03 65.3621
-4.02 65.0111
-4.01 64.6611
-4 64.3122
-3.99 63.9643
-3.98 63.6175
-3.97 63.2717
-3.96 62.927
-3.95 62.5833
-3.94 62.2406
-3.93 61.899
-3.92 61.5584
-3.91 61.2188
-3.9 60.8802
-3.89 60.5427
-3.88 60.2063
-3.87 59.8708
-3.86 59.5364
-3.85 59.203
-3.84 58.8706
-3.83 58.5392
-3.82 58.2089
-3.81 57.8796
-3.8 57.5513
-3.79 57.224
-3.78 56.8977
-3.77 56.5725
-3.76 56.2483
-3.75 55.925
-3.74 55.6028
-3.73 55.2816
-3.72 54.9614
-3.71 54.6422
-3.7 54.3241
-3.69 54.0069
-3.68 53.6907
-3.67 53.3756
-3.66 53.0614
-3.65 52.7482
-3.64 52.4361
-3.63 52.1249
-3.62 51.8147
-3.61 51.5056
-3.6 51.1974
-3.59 50.8902
-3.58 50.584
-3.57 50.2788
-3.56 49.9746
-3.55 49.6714
-3.54 49.3691
-3.53 49.0679
-3.52 48.7676
-3.51 48.4683
-3.5 48.17
-3.49 47.8727
-3.48 47.5764
-3.47 47.2811
-3.46 46.9867
-3.45 46.6933
-3.44 46.4009
-3.43 46.1094
-3.42 45.819
-3.41 45.5295
-3.4 45.2409
-3.39 44.9534
-3.38 44.6668
-3.37 44.3812
-3.36 44.0966
-3.35 43.8129
-3.34 43.5302
-3.33 43.2484
-3.32 42.9676
-3.31 42.6878
-3.3 42.409
-3.29 42.1311
-3.28 41.8541
-3.27 41.5781
-3.26 41.3031
-3.25 41.029
-3.24 40.7559
-3.23 40.4838
-3.22 40.2126
-3.21 39.9423
-3.2 39.673
-3.19 39.4046
-3.18 39.1372
-3.17 38.8708
-3.16 38.6053
-3.15 38.3407
-3.14 38.0771
-3.13 37.8144
-3.12 37.5527
-3.11 37.2919
-3.1 37.032
-3.09 36.7731
-3.08 36.5151
-3.07 36.2581
-3.06 36.002
-3.05 35.7468
-3.04 35.4926
-3.03 35.2393
-3.02 34.987
-3.01 34.7355
-3 34.485
-2.99 34.2355
-2.98 33.9868
-2.97 33.7391
-2.96 33.4923
-2.95 33.2465
-2.94 33.0015
-2.93 32.7575
-2.92 32.5144
-2.91 32.2723
-2.9 32.031
-2.89 31.7907
-2.88 31.5513
-2.87 31.3128
-2.86 31.0753
-2.85 30.8386
-2.84 30.6029
-2.83 30.3681
-2.82 30.1342
-2.81 29.9012
-2.8 29.6691
-2.79 29.4379
-2.78 29.2077
-2.77 28.9783
-2.76 28.7499
-2.75 28.5223
-2.74 28.2957
-2.73 28.07
-2.72 27.8452
-2.71 27.6213
-2.7 27.3983
-2.69 27.1762
-2.68 26.955
-2.67 26.7347
-2.66 26.5153
-2.65 26.2968
-2.64 26.0791
-2.63 25.8624
-2.62 25.6466
-2.61 25.4317
-2.6 25.2177
-2.59 25.0046
-2.58 24.7923
-2.57 24.581
-2.56 24.3705
-2.55 24.161
-2.54 23.9523
-2.53 23.7445
-2.52 23.5376
-2.51 23.3316
-2.5 23.1265
-2.49 22.9223
-2.48 22.7189
-2.47 22.5165
-2.46 22.3149
-2.45 22.1142
-2.44 21.9144
-2.43 21.7154
-2.42 21.5174
-2.41 21.3202
-2.4 21.1239
-2.39 20.9285
-2.38 20.7339
-2.37 20.5403
-2.36 20.3475
-2.35 20.1556
-2.34 19.9645
-2.33 19.7744
-2.32 19.5851
-2.31 19.3966
-2.3 19.2091
-2.29 19.0224
-2.28 18.8366
-2.27 18.6516
-2.26 18.4676
-2.25 18.2843
-2.24 18.102
-2.23 17.9205
-2.22 17.7399
-2.21 17.5602
-2.2 17.3813
-2.19 17.2033
-2.18 17.0261
-2.17 16.8498
-2.16 16.6744
-2.15 16.4998
-2.14 16.3261
-2.13 16.1532
-2.12 15.9812
-2.11 15.8101
-2.1 15.6398
-2.09 15.4704
-2.08 15.3018
-2.07 15.1341
-2.06 14.9672
-2.05 14.8012
-2.04 14.636
-2.03 14.4717
-2.02 14.3083
-2.01 14.1457
-2 13.9839
-1.99 13.823
-1.98 13.663
-1.97 13.5038
-1.96 13.3454
-1.95 13.1879
-1.94 13.0312
-1.93 12.8754
-1.92 12.7204
-1.91 12.5663
-1.9 12.413
-1.89 12.2606
-1.88 12.109
-1.87 11.9582
-1.86 11.8083
-1.85 11.6592
-1.84 11.511
-1.83 11.3636
-1.82 11.217
-1.81 11.0713
-1.8 10.9264
-1.79 10.7824
-1.78 10.6392
-1.77 10.4968
-1.76 10.3553
-1.75 10.2145
-1.74 10.0747
-1.73 9.93565
-1.72 9.79745
-1.71 9.66009
-1.7 9.52355
-1.69 9.38785
-1.68 9.25298
-1.67 9.11894
-1.66 8.98573
-1.65 8.85335
-1.64 8.72179
-1.63 8.59107
-1.62 8.46117
-1.61 8.33211
-1.6 8.20386
-1.59 8.07645
-1.58 7.94986
-1.57 7.8241
-1.56 7.69916
-1.55 7.57504
-1.54 7.45175
-1.53 7.32928
-1.52 7.20764
-1.51 7.08682
-1.5 6.96682
-1.49 6.84764
-1.48 6.72928
-1.47 6.61174
-1.46 6.49502
-1.45 6.37912
-1.44 6.26405
-1.43 6.14978
-1.42 6.03634
-1.41 5.92372
-1.4 5.81191
-1.39 5.70092
-1.38 5.59074
-1.37 5.48138
-1.36 5.37284
-1.35 5.26511
-1.34 5.1582
-1.33 5.0521
-1.32 4.94681
-1.31 4.84234
-1.3 4.73868
-1.29 4.63583
-1.28 4.53379
-1.27 4.43257
-1.26 4.33215
-1.25 4.23255
-1.24 4.13376
-1.23 4.03578
-1.22 3.9386
-1.21 3.84224
-1.2 3.74669
-1.19 3.65194
-1.18 3.558
-1.17 3.46487
-1.16 3.37255
-1.15 3.28103
-1.14 3.19032
-1.13 3.10041
-1.12 3.01131
-1.11 2.92302
-1.1 2.83553
-1.09 2.74885
-1.08 2.66297
-1.07 2.57789
-1.06 2.49362
-1.05 2.41015
-1.04 2.32749
-1.03 2.24563
-1.02 2.16456
-1.01 2.08431
-1 2.00485
-0.99 1.92619
-0.98 1.84834
-0.97 1.77128
-0.96 1.69503
-0.95 1.61958
-0.94 1.54492
-0.93 1.47107
-0.92 1.39801
-0.91 1.32575
-0.9 1.2543
-0.89 1.18364
-0.88 1.11377
-0.87 1.04471
-0.86 0.976442
-0.85 0.908972
-0.84 0.842299
-0.83 0.776422
-0.82 0.711342
-0.81 0.647058
-0.8 0.583569
-0.79 0.520876
-0.78 0.458978
-0.77 0.397875
-0.76 0.337567
-0.75 0.278054
-0.74 0.219334
-0.73 0.161409
-0.72 0.104277
-0.71 0.0479391
-0.7 -0.0076057
-0.69 -0.0623574
-0.68 -0.116316
-0.67 -0.169482
-0.66 -0.221856
-0.65 -0.273438
-0.64 -0.324227
-0.63 -0.374225
-0.62 -0.423431
-0.61 -0.471846
-0.6 -0.519469
-0.59 -0.566302
-0.58 -0.612344
-0.57 -0.657595
-0.56 -0.702056
-0.55 -0.745726
-0.54 -0.788607
-0.53 -0.830697
-0.52 -0.871998
-0.51 -0.912509
-0.5 -0.952231
-0.49 -0.991164
-0.48 -1.02931
-0.47 -1.06666
-0.46 -1.10323
-0.45 -1.13901
-0.44 -1.17399
-0.43 -1.20819
-0.42 -1.24161
-0.41 -1.27423
-0.4 -1.30607
-0.39 -1.33712
-0.38 -1.36738
-0.37 -1.39685
-0.36 -1.42554
-0.35 -1.45344
-0.34 -1.48055
-0.33 -1.50687
-0.32 -1.53241
-0.31 -1.55716
-0.3 -1.58112
-0.29 -1.6043
-0.28 -1.62669
-0.27 -1.6483
-0.26 -1.66911
-0.25 -1.68915
-0.24 -1.70839
-0.23 -1.72685
-0.22 -1.74452
-0.21 -1.76141
-0.2 -1.77751
-0.19 -1.79283
-0.18 -1.80736
-0.17 -1.8211
-0.16 -1.83406
-0.15 -1.84623
-0.14 -1.85762
-0.13 -1.86822
-0.12 -1.87804
-0.11 -1.88707
-0.1 -1.89531
-0.09 -1.90277
-0.08 -1.90945
-0.07 -1.91534
-0.06 -1.92044
-0.05 -1.92476
-0.04 -1.92829
-0.03 -1.93104
-0.02 -1.933
-0.01 -1.93418
-6.23078e-14 -1.93457
0.01 -1.93418
0.02 -1.933
0.03 -1.93104
0.04 -1.92829
0.05 -1.92476
0.06 -1.92044
0.07 -1.91534
0.08 -1.90945
0.09 -1.90277
0.1 -1.89531
0.11 -1.88707
0.12 -1.87804
0.13 -1.86822
0.14 -1.85762
0.15 -1.84623
0.16 -1.83406
0.17 -1.8211
0.18 -1.80736
0.19 -1.79283
0.2 -1.77751
0.21 -1.76141
0.22 -1.74452
0.23 -1.72685
0.24 -1.70839
0.25 -1.68915
0.26 -1.66911
0.27 -1.6483
0.28 -1.62669
0.29 -1.6043
0.3 -1.58112
0.31 -1.55716
0.32 -1.53241
0.33 -1.50687
0.34 -1.48055
0.35 -1.45344
0.36 -1.42554
0.37 -1.39685
0.38 -1.36738
0.39 -1.33712
0.4 -1.30607
0.41 -1.27423
0.42 -1.24161
0.43 -1.20819
0.44 -1.17399
0.45 -1.13901
0.46 -1.10323
0.47 -1.06666
0.48 -1.02931
0.49 -0.991164
0.5 -0.952231
0.51 -0.912509
0.52 -0.871998
0.53 -0.830697
0.54 -0.788607
0.55 -0.745726
0.56 -0.702056
0.57 -0.657595
0.58 -0.612344
0.59 -0.566302
0.6 -0.519469
0.61 -0.471846
0.62 -0.423431
0.63 -0.374225
0.64 -0.324227
0.65 -0.273438
0.66 -0.221856
0.67 -0.169482
0.68 -0.116316
0.69 -0.0623574
0.7 -0.0076057
0.71 0.0479391
0.72 0.104277
0.73 0.161409
0.74 0.219334
0.75 0.278054
0.76 0.337567
0.77 0.397875
0.78 0.458978
0.79 0.520876
0.8 0.583569
0.81 0.647058
0.82 0.711342
0.83 0.776422
0.84 0.842299
0.85 0.908972
0.86 0.976442
0.87 1.04471
0.88 1.11377
0.89 1.18364
0.9 1.2543
0.91 1.32575
0.92 1.39801
0.93 1.47107
0.94 1.54492
0.95 1.61958
0.96 1.69503
0.97 1.77128
0.98 1.84834
0.99 1.92619
1 2.00485
1.01 2.08431
1.02 2.16456
1.03 2.24563
1.04 2.32749
1.05 2.41015
1.06 2.49362
1.07 2.57789
1.08 2.66297
1.09 2.74885
1.1 2.83553
1.11 2.92302
1.12 3.01131
1.13 3.10041
1.14 3.19032
1.15 3.28103
1.16 3.37255
1.17 3.46487
1.18 3.558
1.19 3.65194
1.2 3.74669
1.21 3.84224
1.22 3.9386
1.23 4.03578
1.24 4.13376
1.25 4.23255
1.26 4.33215
1.27 4.43257
1.28 4.53379
1.29 4.63583
1.3 4.73868
1.31 4.84234
1.32 4.94681
1.33 5.0521
1.34 5.1582
1.35 5.26511
1.36 5.37284
1.37 5.48138
1.38 5.59074
1.39 5.70092
1.4 5.81191
1.41 5.92372
1.42 6.03634
1.43 6.14978
1.44 6.26405
1.45 6.37912
1.46 6.49502
1.47 6.61174
1.48 6.72928
1.49 6.84764
1.5 6.96682
1.51 7.08682
1.52 7.20764
1.53 7.32928
1.54 7.45175
1.55 7.57504
1.56 7.69916
1.57 7.8241
1.58 7.94986
1.59 8.07645
1.6 8.20386
1.61 8.33211
1.62 8.46117
1.63 8.59107
1.64 8.72179
1.65 8.85335
1.66 8.98573
1.67 9.11894
1.68 9.25298
1.69 9.38785
1.7 9.52355
1.71 9.66009
1.72 9.79745
1.73 9.93565
1.74 10.0747
1.75 10.2145
1.76 10.3553
1.77 10.4968
1.78 10.6392
1.79 10.7824
1.8 10.9264
1.81 11.0713
1.82 11.217
1.83 11.3636
1.84 11.511
1.85 11.6592
1.86 11.8083
1.87 11.9582
1.88 12.109
1.89 12.2606
1.9 12.413
1.91 12.5663
1.92 12.7204
1.93 12.8754
1.94 13.0312
1.95 13.1879
1.96 13.3454
1.97 13.5038
1.98 13.663
1.99 13.823
2 13.9839
2.01 14.1457
2.02 14.3083
2.03 14.4717
2.04 14.636
2.05 14.8012
2.06 14.9672
2.07 15.1341
2.08 15.3018
2.09 15.4704
2.1 15.6398
2.11 15.8101
2.12 15.9812
2.13 16.1532
2.14 16.3261
2.15 16.4998
2.16 16.6744
2.17 16.8498
2.18 17.0261
2.19 17.2033
2.2 17.3813
2.21 17.5602
2.22 17.7399
2.23 17.9205
2.24 18.102
2.25 18.2843
2.26 18.4676
2.27 18.6516
2.28 18.8366
2.29 19.0224
2.3 19.2091
2.31 19.3966
2.32 19.5851
2.33 19.7744
2.34 19.9645
2.35 20.1556
2.36 20.3475
2.37 20.5403
2.38 20.7339
2.39 20.9285
2.4 21.1239
2.41 21.3202
2.42 21.5174
2.43 21.7154
2.44 21.9144
2.45 22.1142
2.46 22.3149
2.47 22.5165
2.48 22.7189
2.49 22.9223
2.5 23.1265
2.51 23.3316
2.52 23.5376
2.53 23.7445
2.54 23.9523
2.55 24.161
2.56 24.3705
2.57 24.581
2.58 24.7923
2.59 25.0046
2.6 25.2177
2.61 25.4317
2.62 25.6466
2.63 25.8624
2.64 26.0791
2.65 26.2968
2.66 26.5153
2.67 26.7347
2.68 26.955
2.69 27.1762
2.7 27.3983
2.71 27.6213
2.72 27.8452
2.73 28.07
2.74 28.2957
2.75 28.5223
2.76 28.7499
2.77 28.9783
2.78 29.2077
2.79 29.4379
2.8 29.6691
2.81 29.9012
2.82 30.1342
2.83 30.3681
2.84 30.6029
2.85 30.8386
2.86 31.0753
2.87 31.3128
2.88 31.5513
2.89 31.7907
2.9 32.031
2.91 32.2723
2.92 32.5144
2.93 32.7575
2.94 33.0015
2.95 33.2465
2.96 33.4923
2.97 33.7391
2.98 33.9868
2.99 34.2355
3 34.485
3.01 34.7355
3.02 34.987
3.03 35.2393
3.04 35.4926
3.05 35.7468
3.06 36.002
3.07 36.2581
3.08 36.5151
3.09 36.7731
3.1 37.032
3.11 37.2919
3.12 37.5527
3.13 37.8144
3.14 38.0771
3.15 38.3407
3.16 38.6053
3.17 38.8708
3.18 39.1372
3.19 39.4046
3.2 39.673
3.21 39.9423
3.22 40.2126
3.23 40.4838
3.24 40.7559
3.25 41.029
3.26 41.3031
3.27 41.5781
3.28 41.8541
3.29 42.1311
3.3 42.409
3.31 42.6878
3.32 42.9676
3.33 43.2484
3.34 43.5302
3.35 43.8129
3.36 44.0966
3.37 44.3812
3.38 44.6668
3.39 44.9534
3.4 45.2409
3.41 45.5295
3.42 45.819
3.43 46.1094
3.44 46.4009
3.45 46.6933
3.46 46.9867
3.47 47.2811
3.48 47.5764
3.49 47.8727
3.5 48.17
3.51 48.4683
3.52 48.7676
3.53 49.0679
3.54 49.3691
3.55 49.6714
3.56 49.9746
3.57 50.2788
3.58 50.584
3.59 50.8902
3.6 51.1974
3.61 51.5056
3.62 51.8147
3.63 52.1249
3.64 52.4361
3.65 52.7482
3.66 53.0614
3.67 53.3756
3.68 53.6907
3.69 54.0069
3.7 54.3241
3.71 54.6422
3.72 54.9614
3.73 55.2816
3.74 55.6028
3.75 55.925
3.76 56.2483
3.77 56.5725
3.78 56.8977
3.79 57.224
3.8 57.5513
3.81 57.8796
3.82 58.2089
3.83 58.5392
3.84 58.8706
3.85 59.203
3.86 59.5364
3.87 59.8708
3.88 60.2063
3.89 60.5427
3.9 60.8802
3.91 61.2188
3.92 61.5584
3.93 61.899
3.94 62.2406
3.95 62.5833
3.96 62.927
3.97 63.2717
3.98 63.6175
3.99 63.9643
4 64.3122
4.01 64.6611
4.02 65.0111
4.03 65.3621
4.04 65.7141
4.05 66.0672
4.06 66.4213
4.07 66.7765
4.08 67.1328
4.09 67.49
4.1 67.8484
4.11 68.2078
4.12 68.5683
4.13 68.9298
4.14 69.2924
4.15 69.656
4.16 70.0207
4.17 70.3865
4.18 70.7533
4.19 71.1212
4.2 71.4901
4.21 71.8602
4.22 72.2313
4.23 72.6035
4.24 72.9767
4.25 73.351
4.26 73.7264
4.27 74.1029
4.28 74.4804
4.29 74.8591
4.3 75.2388
4.31 75.6196
4.32 76.0015
4.33 76.3844
4.34 76.7685
4.35 77.1536
4.36 77.5398
4.37 77.9272
4.38 78.3156
4.39 78.7051
4.4 79.0957
4.41 79.4874
4.42 79.8802
4.43 80.2741
4.44 80.6691
4.45 81.0652
4.46 81.4624
4.47 81.8607
4.48 82.2601
4.49 82.6606
4.5 83.0622
4.51 83.465
4.52 83.8688
4.53 84.2738
4.54 84.6799
4.55 85.0871
4.56 85.4954
4.57 85.9048
4.58 86.3154
4.59 86.7271
4.6 87.1399
4.61 87.5538
4.62 87.9688
4.63 88.385
4.64 88.8023
4.65 89.2208
4.66 89.6404
4.67 90.0611
4.68 90.4829
4.69 90.9059
4.7 91.33
4.71 91.7553
4.72 92.1817
4.73 92.6093
4.74 93.038
4.75 93.4678
4.76 93.8988
4.77 94.3309
4.78 94.7642
4.79 95.1987
4.8 95.6343
4.81 96.071
4.82 96.5089
4.83 96.948
4.84 97.3882
4.85 97.8296
4.86 98.2722
4.87 98.7159
4.88 99.1608
4.89 99.6068
4.9 100.054
4.91 100.502
4.92 100.952
4.93 101.403
4.94 101.855
4.95 102.308
4.96 102.762
4.97 103.218
4.98 103.674
4.99 104.132
5 104.591
