-2 2.23607
-1.99 2.22713
-1.98 2.2182
-1.97 2.20928
-1.96 2.20036
-1.95 2.19146
-1.94 2.18257
-1.93 2.17368
-1.92 2.16481
-1.91 2.15595
-1.9 2.14709
-1.89 2.13825
-1.88 2.12941
-1.87 2.12059
-1.86 2.11178
-1.85 2.10297
-1.84 2.09418
-1.83 2.0854
-1.82 2.07663
-1.81 2.06787
-1.8 2.05913
-1.79 2.05039
-1.78 2.04167
-1.77 2.03295
-1.76 2.02425
-1.75 2.01556
-1.74 2.00689
-1.73 1.99822
-1.72 1.98957
-1.71 1.98093
-1.7 1.97231
-1.69 1.9637
-1.68 1.9551
-1.67 1.94651
-1.66 1.93794
-1.65 1.92938
-1.64 1.92083
-1.63 1.9123
-1.62 1.90379
-1.61 1.89528
-1.6 1.8868
-1.59 1.87832
-1.58 1.86987
-1.57 1.86142
-1.56 1.853
-1.55 1.84459
-1.54 1.83619
-1.53 1.82781
-1.52 1.81945
-1.51 1.8111
-1.5 1.80278
-1.49 1.79446
-1.48 1.78617
-1.47 1.77789
-1.46 1.76963
-1.45 1.76139
-1.44 1.75317
-1.43 1.74496
-1.42 1.73678
-1.41 1.72861
-1.4 1.72047
-1.39 1.71234
-1.38 1.70423
-1.37 1.69614
-1.36 1.68808
-1.35 1.68003
-1.34 1.672
-1.33 1.664
-1.32 1.65602
-1.31 1.64806
-1.3 1.64012
-1.29 1.63221
-1.28 1.62432
-1.27 1.61645
-1.26 1.6086
-1.25 1.60078
-1.24 1.59298
-1.23 1.58521
-1.22 1.57747
-1.21 1.56975
-1.2 1.56205
-1.19 1.55438
-1.18 1.54674
-1.17 1.53912
-1.16 1.53154
-1.15 1.52398
-1.14 1.51644
-1.13 1.50894
-1.12 1.50147
-1.11 1.49402
-1.1 1.48661
-1.09 1.47922
-1.08 1.47187
-1.07 1.46455
-1.06 1.45726
-1.05 1.45
-1.04 1.44278
-1.03 1.43558
-1.02 1.42843
-1.01 1.4213
-1 1.41421
-0.99 1.40716
-0.98 1.40014
-0.97 1.39316
-0.96 1.38622
-0.95 1.37931
-0.94 1.37244
-0.93 1.36561
-0.92 1.35882
-0.91 1.35207
-0.9 1.34536
-0.89 1.33869
-0.88 1.33207
-0.87 1.32548
-0.86 1.31894
-0.85 1.31244
-0.84 1.30599
-0.83 1.29958
-0.82 1.29321
-0.81 1.2869
-0.8 1.28062
-0.79 1.2744
-0.78 1.26823
-0.77 1.2621
-0.76 1.25603
-0.75 1.25
-0.74 1.24403
-0.73 1.2381
-0.72 1.23223
-0.71 1.22642
-0.7 1.22066
-0.69 1.21495
-0.68 1.2093
-0.67 1.2037
-0.66 1.19817
-0.65 1.19269
-0.64 1.18727
-0.63 1.18191
-0.62 1.17661
-0.61 1.17137
-0.6 1.16619
-0.59 1.16108
-0.58 1.15603
-0.57 1.15104
-0.56 1.14612
-0.55 1.14127
-0.54 1.13649
-0.53 1.13177
-0.52 1.12712
-0.51 1.12254
-0.5 1.11803
-0.49 1.1136
-0.48 1.10923
-0.47 1.10494
-0.46 1.10073
-0.45 1.09659
-0.44 1.09252
-0.43 1.08853
-0.42 1.08462
-0.41 1.08079
-0.4 1.07703
-0.39 1.07336
-0.38 1.06977
-0.37 1.06626
-0.36 1.06283
-0.35 1.05948
-0.34 1.05622
-0.33 1.05304
-0.32 1.04995
-0.31 1.04695
-0.3 1.04403
-0.29 1.0412
-0.28 1.03846
-0.27 1.03581
-0.26 1.03325
-0.25 1.03078
-0.24 1.0284
-0.23 1.02611
-0.22 1.02391
-0.21 1.02181
-0.2 1.0198
-0.19 1.01789
-0.18 1.01607
-0.17 1.01435
-0.16 1.01272
-0.15 1.01119
-0.14 1.00975
-0.13 1.00841
-0.12 1.00717
-0.11 1.00603
-0.1 1.00499
-0.09 1.00404
-0.08 1.00319
-0.07 1.00245
-0.06 1.0018
-0.05 1.00125
-0.04 1.0008
-0.03 1.00045
-0.02 1.0002
-0.01 1.00005
1.64105e-15 1
0.01 1.00005
0.02 1.0002
0.03 1.00045
0.04 1.0008
0.05 1.00125
0.06 1.0018
0.07 1.00245
0.08 1.00319
0.09 1.00404
0.1 1.00499
0.11 1.00603
0.12 1.00717
0.13 1.00841
0.14 1.00975
0.15 1.01119
0.16 1.01272
0.17 1.01435
0.18 1.01607
0.19 1.01789
0.2 1.0198
0.21 1.02181
0.22 1.02391
0.23 1.02611
0.24 1.0284
0.25 1.03078
0.26 1.03325
0.27 1.03581
0.28 1.03846
0.29 1.0412
0.3 1.04403
0.31 1.04695
0.32 1.04995
0.33 1.05304
0.34 1.05622
0.35 1.05948
0.36 1.06283
0.37 1.06626
0.38 1.06977
0.39 1.07336
0.4 1.07703
0.41 1.08079
0.42 1.08462
0.43 1.08853
0.44 1.09252
0.45 1.09659
0.46 1.10073
0.47 1.10494
0.48 1.10923
0.49 1.1136
0.5 1.11803
0.51 1.12254
0.52 1.12712
0.53 1.13177
0.54 1.13649
0.55 1.14127
0.56 1.14612
0.57 1.15104
0.58 1.15603
0.59 1.16108
0.6 1.16619
0.61 1.17137
0.62 1.17661
0.63 1.18191
0.64 1.18727
0.65 1.19269
0.66 1.19817
0.67 1.2037
0.68 1.2093
0.69 1.21495
0.7 1.22066
0.71 1.22642
0.72 1.23223
0.73 1.2381
0.74 1.24403
0.75 1.25
0.76 1.25603
0.77 1.2621
0.78 1.26823
0.79 1.2744
0.8 1.28062
0.81 1.2869
0.82 1.29321
0.83 1.29958
0.84 1.30599
0.85 1.31244
0.86 1.31894
0.87 1.32548
0.88 1.33207
0.89 1.33869
0.9 1.34536
0.91 1.35207
0.92 1.35882
0.93 1.36561
0.94 1.37244
0.95 1.37931
0.96 1.38622
0.97 1.39316
0.98 1.40014
0.99 1.40716
1 1.41421
1.01 1.4213
1.02 1.42843
1.03 1.43558
1.04 1.44278
1.05 1.45
1.06 1.45726
1.07 1.46455
1.08 1.47187
1.09 1.47922
1.1 1.48661
1.11 1.49402
1.12 1.50147
1.13 1.50894
1.14 1.51644
1.15 1.52398
1.16 1.53154
1.17 1.53912
1.18 1.54674
1.19 1.55438
1.2 1.56205
1.21 1.56975
1.22 1.57747
1.23 1.58521
1.24 1.59298
1.25 1.60078
1.26 1.6086
1.27 1.61645
1.28 1.62432
1.29 1.63221
1.3 1.64012
1.31 1.64806
1.32 1.65602
1.33 1.664
1.34 1.672
1.35 1.68003
1.36 1.68808
1.37 1.69614
1.38 1.70423
1.39 1.71234
1.4 1.72047
1.41 1.72861
1.42 1.73678
1.43 1.74496
1.44 1.75317
1.45 1.76139
1.46 1.76963
1.47 1.77789
1.48 1.78617
1.49 1.79446
1.5 1.80278
1.51 1.8111
1.52 1.81945
1.53 1.82781
1.54 1.83619
1.55 1.84459
1.56 1.853
1.57 1.86142
1.58 1.86987
1.59 1.87832
1.6 1.8868
1.61 1.89528
1.62 1.90379
1.63 1.9123
1.64 1.92083
1.65 1.92938
1.66 1.93794
1.67 1.94651
1.68 1.9551
1.69 1.9637
1.7 1.97231
1.71 1.98093
1.72 1.98957
1.73 1.99822
1.74 2.00689
1.75 2.01556
1.76 2.02425
1.77 2.03295
1.78 2.04167
1.79 2.05039
1.8 2.05913
1.81 2.06787
1.82 2.07663
1.83 2.0854
1.84 2.09418
1.85 2.10297
1.86 2.11178
1.87 2.12059
1.88 2.12941
1.89 2.13825
1.9 2.14709
1.91 2.15595
1.92 2.16481
1.93 2.17368
1.94 2.18257
1.95 2.19146
1.96 2.20036
1.97 2.20928
1.98 2.2182
1.99 2.22713
