-2 2.03626
-1.99 2.04334
-1.98 2.04984
-1.97 2.05576
-1.96 2.06112
-1.95 2.06591
-1.94 2.07016
-1.93 2.07386
-1.92 2.07703
-1.91 2.07968
-1.9 2.0818
-1.89 2.08341
-1.88 2.08453
-1.87 2.08514
-1.86 2.08527
-1.85 2.08492
-1.84 2.0841
-1.83 2.08282
-1.82 2.08108
-1.81 2.07889
-1.8 2.07626
-1.79 2.07319
-1.78 2.0697
-1.77 2.06579
-1.76 2.06147
-1.75 2.05675
-1.74 2.05163
-1.73 2.04612
-1.72 2.04023
-1.71 2.03396
-1.7 2.02732
-1.69 2.02033
-1.68 2.01298
-1.67 2.00528
-1.66 1.99725
-1.65 1.98888
-1.64 1.98018
-1.63 1.97117
-1.62 1.96185
-1.61 1.95222
-1.6 1.94229
-1.59 1.93206
-1.58 1.92156
-1.57 1.91077
-1.56 1.89971
-1.55 1.88839
-1.54 1.87681
-1.53 1.86497
-1.52 1.85289
-1.51 1.84056
-1.5 1.82801
-1.49 1.81522
-1.48 1.80222
-1.47 1.789
-1.46 1.77557
-1.45 1.76193
-1.44 1.7481
-1.43 1.73408
-1.42 1.71988
-1.41 1.70549
-1.4 1.69094
-1.39 1.67621
-1.38 1.66132
-1.37 1.64628
-1.36 1.63109
-1.35 1.61575
-1.34 1.60028
-1.33 1.58467
-1.32 1.56894
-1.31 1.55308
-1.3 1.53711
-1.29 1.52102
-1.28 1.50483
-1.27 1.48854
-1.26 1.47215
-1.25 1.45568
-1.24 1.43912
-1.23 1.42248
-1.22 1.40576
-1.21 1.38898
-1.2 1.37213
-1.19 1.35523
-1.18 1.33827
-1.17 1.32126
-1.16 1.3042
-1.15 1.28711
-1.14 1.26998
-1.13 1.25282
-1.12 1.23564
-1.11 1.21844
-1.1 1.20122
-1.09 1.18399
-1.08 1.16675
-1.07 1.14951
-1.06 1.13228
-1.05 1.11505
-1.04 1.09783
-1.03 1.08062
-1.02 1.06344
-1.01 1.04628
-1 1.02915
-0.99 1.01205
-0.98 0.994988
-0.97 0.977967
-0.96 0.96099
-0.95 0.944062
-0.94 0.927187
-0.93 0.910368
-0.92 0.89361
-0.91 0.876917
-0.9 0.860291
-0.89 0.843738
-0.88 0.82726
-0.87 0.810862
-0.86 0.794547
-0.85 0.778318
-0.84 0.76218
-0.83 0.746135
-0.82 0.730188
-0.81 0.714341
-0.8 0.698598
-0.79 0.682963
-0.78 0.667438
-0.77 0.652027
-0.76 0.636733
-0.75 0.62156
-0.74 0.60651
-0.73 0.591587
-0.72 0.576793
-0.71 0.562132
-0.7 0.547607
-0.69 0.53322
-0.68 0.518974
-0.67 0.504873
-0.66 0.490919
-0.65 0.477115
-0.64 0.463464
-0.63 0.449967
-0.62 0.436629
-0.61 0.423451
-0.6 0.410437
-0.59 0.397588
-0.58 0.384907
-0.57 0.372396
-0.56 0.360059
-0.55 0.347896
-0.54 0.335912
-0.53 0.324107
-0.52 0.312484
-0.51 0.301045
-0.5 0.289793
-0.49 0.278729
-0.48 0.267856
-0.47 0.257176
-0.46 0.24669
-0.45 0.2364
-0.44 0.226309
-0.43 0.216418
-0.42 0.206729
-0.41 0.197244
-0.4 0.187964
-0.39 0.178892
-0.38 0.170028
-0.37 0.161375
-0.36 0.152934
-0.35 0.144707
-0.34 0.136694
-0.33 0.128898
-0.32 0.12132
-0.31 0.113961
-0.3 0.106822
-0.29 0.0999056
-0.28 0.0932119
-0.27 0.0867423
-0.26 0.0804981
-0.25 0.0744803
-0.24 0.06869
-0.23 0.0631283
-0.22 0.057796
-0.21 0.0526942
-0.2 0.0478237
-0.19 0.0431853
-0.18 0.03878
-0.17 0.0346084
-0.16 0.0306713
-0.15 0.0269694
-0.14 0.0235032
-0.13 0.0202735
-0.12 0.0172808
-0.11 0.0145256
-0.1 0.0120084
-0.09 0.00972959
-0.08 0.0076896
-0.07 0.00588877
-0.06 0.00432743
-0.05 0.00300583
-0.04 0.00192421
-0.03 0.00108276
-0.02 0.000481614
-0.01 0.000120887
1.64105e-15 6.37257e-07
0.01 0.000120887
0.02 0.000481614
0.03 0.00108276
0.04 0.00192421
0.05 0.00300583
0.06 0.00432743
0.07 0.00588877
0.08 0.0076896
0.09 0.00972959
0.1 0.0120084
0.11 0.0145256
0.12 0.0172808
0.13 0.0202735
0.14 0.0235032
0.15 0.0269694
0.16 0.0306713
0.17 0.0346084
0.18 0.03878
0.19 0.0431853
0.2 0.0478237
0.21 0.0526942
0.22 0.057796
0.23 0.0631283
0.24 0.06869
0.25 0.0744803
0.26 0.0804981
0.27 0.0867423
0.28 0.0932119
0.29 0.0999056
0.3 0.106822
0.31 0.113961
0.32 0.12132
0.33 0.128898
0.34 0.136694
0.35 0.144707
0.36 0.152934
0.37 0.161375
0.38 0.170028
0.39 0.178892
0.4 0.187964
0.41 0.197244
0.42 0.206729
0.43 0.216418
0.44 0.226309
0.45 0.2364
0.46 0.24669
0.47 0.257176
0.48 0.267856
0.49 0.278729
0.5 0.289793
0.51 0.301045
0.52 0.312484
0.53 0.324107
0.54 0.335912
0.55 0.347896
0.56 0.360059
0.57 0.372396
0.58 0.384907
0.59 0.397588
0.6 0.410437
0.61 0.423451
0.62 0.436629
0.63 0.449967
0.64 0.463464
0.65 0.477115
0.66 0.490919
0.67 0.504873
0.68 0.518974
0.69 0.53322
0.7 0.547607
0.71 0.562132
0.72 0.576793
0.73 0.591587
0.74 0.60651
0.75 0.62156
0.76 0.636733
0.77 0.652027
0.78 0.667438
0.79 0.682963
0.8 0.698598
0.81 0.714341
0.82 0.730188
0.83 0.746135
0.84 0.76218
0.85 0.778318
0.86 0.794547
0.87 0.810862
0.88 0.82726
0.89 0.843738
0.9 0.860291
0.91 0.876917
0.92 0.89361
0.93 0.910368
0.94 0.927187
0.95 0.944062
0.96 0.96099
0.97 0.977967
0.98 0.994988
0.99 1.01205
1 1.02915
1.01 1.04628
1.02 1.06344
1.03 1.08062
1.04 1.09783
1.05 1.11505
1.06 1.13228
1.07 1.14951
1.08 1.16675
1.09 1.18399
1.1 1.20122
1.11 1.21844
1.12 1.23564
1.13 1.25282
1.14 1.26998
1.15 1.28711
1.16 1.3042
1.17 1.32126
1.18 1.33827
1.19 1.35523
1.2 1.37213
1.21 1.38898
1.22 1.40576
1.23 1.42248
1.24 1.43912
1.25 1.45568
1.26 1.47215
1.27 1.48854
1.28 1.50483
1.29 1.52102
1.3 1.53711
1.31 1.55308
1.32 1.56894
1.33 1.58467
1.34 1.60028
1.35 1.61575
1.36 1.63109
1.37 1.64628
1.38 1.66132
1.39 1.67621
1.4 1.69094
1.41 1.70549
1.42 1.71988
1.43 1.73408
1.44 1.7481
1.45 1.76193
1.46 1.77557
1.47 1.789
1.48 1.80222
1.49 1.81522
1.5 1.82801
1.51 1.84056
1.52 1.85289
1.53 1.86497
1.54 1.87681
1.55 1.88839
1.56 1.89971
1.57 1.91077
1.58 1.92156
1.59 1.93206
1.6 1.94229
1.61 1.95222
1.62 1.96185
1.63 1.97117
1.64 1.98018
1.65 1.98888
1.66 1.99725
1.67 2.00528
1.68 2.01298
1.69 2.02033
1.7 2.02732
1.71 2.03396
1.72 2.04023
1.73 2.04612
1.74 2.05163
1.75 2.05675
1.76 2.06147
1.77 2.06579
1.78 2.0697
1.79 2.07319
1.8 2.07626
1.81 2.07889
1.82 2.08108
1.83 2.08282
1.84 2.0841
1.85 2.08492
1.86 2.08527
1.87 2.08514
1.88 2.08453
1.89 2.08341
1.9 2.0818
1.91 2.07968
1.92 2.07703
1.93 2.07386
1.94 2.07016
1.95 2.06591
1.96 2.06112
1.97 2.05576
1.98 2.04984
1.99 2.04334
