-2 1.29225
-1.99 1.30147
-1.98 1.3109
-1.97 1.3205
-1.96 1.33027
-1.95 1.34016
-1.94 1.35016
-1.93 1.36025
-1.92 1.3704
-1.91 1.3806
-1.9 1.39082
-1.89 1.40103
-1.88 1.41123
-1.87 1.4214
-1.86 1.4315
-1.85 1.44154
-1.84 1.45148
-1.83 1.46131
-1.82 1.47103
-1.81 1.4806
-1.8 1.49002
-1.79 1.49927
-1.78 1.50833
-1.77 1.5172
-1.76 1.52587
-1.75 1.53431
-1.74 1.54251
-1.73 1.55048
-1.72 1.55818
-1.71 1.56562
-1.7 1.57279
-1.69 1.57967
-1.68 1.58625
-1.67 1.59253
-1.66 1.5985
-1.65 1.60415
-1.64 1.60947
-1.63 1.61446
-1.62 1.61911
-1.61 1.62341
-1.6 1.62736
-1.59 1.63095
-1.58 1.63418
-1.57 1.63704
-1.56 1.63954
-1.55 1.64166
-1.54 1.6434
-1.53 1.64475
-1.52 1.64573
-1.51 1.64632
-1.5 1.64652
-1.49 1.64633
-1.48 1.64575
-1.47 1.64477
-1.46 1.64341
-1.45 1.64165
-1.44 1.63949
-1.43 1.63694
-1.42 1.634
-1.41 1.63066
-1.4 1.62694
-1.39 1.62282
-1.38 1.61831
-1.37 1.61342
-1.36 1.60814
-1.35 1.60248
-1.34 1.59644
-1.33 1.59002
-1.32 1.58322
-1.31 1.57605
-1.3 1.56852
-1.29 1.56062
-1.28 1.55235
-1.27 1.54373
-1.26 1.53476
-1.25 1.52544
-1.24 1.51578
-1.23 1.50577
-1.22 1.49544
-1.21 1.48477
-1.2 1.47378
-1.19 1.46247
-1.18 1.45085
-1.17 1.43892
-1.16 1.42669
-1.15 1.41416
-1.14 1.40135
-1.13 1.38825
-1.12 1.37488
-1.11 1.36123
-1.1 1.34732
-1.09 1.33316
-1.08 1.31874
-1.07 1.30409
-1.06 1.28919
-1.05 1.27407
-1.04 1.25873
-1.03 1.24317
-1.02 1.22741
-1.01 1.21144
-1 1.19529
-0.99 1.17895
-0.98 1.16243
-0.97 1.14575
-0.96 1.1289
-0.95 1.1119
-0.94 1.09476
-0.93 1.07747
-0.92 1.06006
-0.91 1.04253
-0.9 1.02488
-0.89 1.00713
-0.88 0.989278
-0.87 0.971338
-0.86 0.953318
-0.85 0.935224
-0.84 0.917065
-0.83 0.898849
-0.82 0.880585
-0.81 0.862279
-0.8 0.843942
-0.79 0.825579
-0.78 0.8072
-0.77 0.788813
-0.76 0.770426
-0.75 0.752047
-0.74 0.733683
-0.73 0.715343
-0.72 0.697035
-0.71 0.678767
-0.7 0.660546
-0.69 0.64238
-0.68 0.624278
-0.67 0.606246
-0.66 0.588293
-0.65 0.570427
-0.64 0.552654
-0.63 0.534983
-0.62 0.51742
-0.61 0.499974
-0.6 0.482651
-0.59 0.465459
-0.58 0.448405
-0.57 0.431496
-0.56 0.41474
-0.55 0.398143
-0.54 0.381712
-0.53 0.365454
-0.52 0.349375
-0.51 0.333483
-0.5 0.317784
-0.49 0.302284
-0.48 0.28699
-0.47 0.271907
-0.46 0.257043
-0.45 0.242403
-0.44 0.227993
-0.43 0.21382
-0.42 0.199888
-0.41 0.186203
-0.4 0.172772
-0.39 0.159599
-0.38 0.146689
-0.37 0.134049
-0.36 0.121683
-0.35 0.109596
-0.34 0.0977929
-0.33 0.0862784
-0.32 0.0750571
-0.31 0.0641337
-0.3 0.0535124
-0.29 0.0431975
-0.28 0.033193
-0.27 0.0235031
-0.26 0.0141315
-0.25 0.00508203
-0.24 -0.00364178
-0.23 -0.0120364
-0.22 -0.0200986
-0.21 -0.0278251
-0.2 -0.0352129
-0.19 -0.042259
-0.18 -0.0489607
-0.17 -0.0553152
-0.16 -0.0613201
-0.15 -0.0669731
-0.14 -0.0722718
-0.13 -0.0772142
-0.12 -0.0817984
-0.11 -0.0860225
-0.1 -0.0898849
-0.09 -0.093384
-0.08 -0.0965185
-0.07 -0.0992872
-0.06 -0.101689
-0.05 -0.103723
-0.04 -0.105388
-0.03 -0.106684
-0.02 -0.107609
-0.01 -0.108165
1.64105e-15 -0.10835
0.01 -0.108165
0.02 -0.107609
0.03 -0.106684
0.04 -0.105388
0.05 -0.103723
0.06 -0.101689
0.07 -0.0992872
0.08 -0.0965185
0.09 -0.093384
0.1 -0.0898849
0.11 -0.0860225
0.12 -0.0817984
0.13 -0.0772142
0.14 -0.0722718
0.15 -0.0669731
0.16 -0.0613201
0.17 -0.0553152
0.18 -0.0489607
0.19 -0.042259
0.2 -0.0352129
0.21 -0.0278251
0.22 -0.0200986
0.23 -0.0120364
0.24 -0.00364178
0.25 0.00508203
0.26 0.0141315
0.27 0.0235031
0.28 0.033193
0.29 0.0431975
0.3 0.0535124
0.31 0.0641337
0.32 0.0750571
0.33 0.0862784
0.34 0.0977929
0.35 0.109596
0.36 0.121683
0.37 0.134049
0.38 0.146689
0.39 0.159599
0.4 0.172772
0.41 0.186203
0.42 0.199888
0.43 0.21382
0.44 0.227993
0.45 0.242403
0.46 0.257043
0.47 0.271907
0.48 0.28699
0.49 0.302284
0.5 0.317784
0.51 0.333483
0.52 0.349375
0.53 0.365454
0.54 0.381712
0.55 0.398143
0.56 0.41474
0.57 0.431496
0.58 0.448405
0.59 0.465459
0.6 0.482651
0.61 0.499974
0.62 0.51742
0.63 0.534983
0.64 0.552654
0.65 0.570427
0.66 0.588293
0.67 0.606246
0.68 0.624278
0.69 0.64238
0.7 0.660546
0.71 0.678767
0.72 0.697035
0.73 0.715343
0.74 0.733683
0.75 0.752047
0.76 0.770426
0.77 0.788813
0.78 0.8072
0.79 0.825579
0.8 0.843942
0.81 0.862279
0.82 0.880585
0.83 0.898849
0.84 0.917065
0.85 0.935224
0.86 0.953318
0.87 0.971338
0.88 0.989278
0.89 1.00713
0.9 1.02488
0.91 1.04253
0.92 1.06006
0.93 1.07747
0.94 1.09476
0.95 1.1119
0.96 1.1289
0.97 1.14575
0.98 1.16243
0.99 1.17895
1 1.19529
1.01 1.21144
1.02 1.22741
1.03 1.24317
1.04 1.25873
1.05 1.27407
1.06 1.28919
1.07 1.30409
1.08 1.31874
1.09 1.33316
1.1 1.34732
1.11 1.36123
1.12 1.37488
1.13 1.38825
1.14 1.40135
1.15 1.41416
1.16 1.42669
1.17 1.43892
1.18 1.45085
1.19 1.46247
1.2 1.47378
1.21 1.48477
1.22 1.49544
1.23 1.50577
1.24 1.51578
1.25 1.52544
1.26 1.53476
1.27 1.54373
1.28 1.55235
1.29 1.56062
1.3 1.56852
1.31 1.57605
1.32 1.58322
1.33 1.59002
1.34 1.59644
1.35 1.60248
1.36 1.60814
1.37 1.61342
1.38 1.61831
1.39 1.62282
1.4 1.62694
1.41 1.63066
1.42 1.634
1.43 1.63694
1.44 1.63949
1.45 1.64165
1.46 1.64341
1.47 1.64477
1.48 1.64575
1.49 1.64633
1.5 1.64652
1.51 1.64632
1.52 1.64573
1.53 1.64475
1.54 1.6434
1.55 1.64166
1.56 1.63954
1.57 1.63704
1.58 1.63418
1.59 1.63095
1.6 1.62736
1.61 1.62341
1.62 1.61911
1.63 1.61446
1.64 1.60947
1.65 1.60415
1.66 1.5985
1.67 1.59253
1.68 1.58625
1.69 1.57967
1.7 1.57279
1.71 1.56562
1.72 1.55818
1.73 1.55048
1.74 1.54251
1.75 1.53431
1.76 1.52587
1.77 1.5172
1.78 1.50833
1.79 1.49927
1.8 1.49002
1.81 1.4806
1.82 1.47103
1.83 1.46131
1.84 1.45148
1.85 1.44154
1.86 1.4315
1.87 1.4214
1.88 1.41123
1.89 1.40103
1.9 1.39082
1.91 1.3806
1.92 1.3704
1.93 1.36025
1.94 1.35016
1.95 1.34016
1.96 1.33027
1.97 1.3205
1.98 1.3109
1.99 1.30147
