-5 50.1791
-4.99 49.6324
-4.98 49.0898
-4.97 48.5514
-4.96 48.017
-4.95 47.4868
-4.94 46.9605
-4.93 46.4384
-4.92 45.9202
-4.91 45.406
-4.9 44.8958
-4.89 44.3896
-4.88 43.8873
-4.87 43.3889
-4.86 42.8944
-4.85 42.4038
-4.84 41.9171
-4.83 41.4342
-4.82 40.9551
-4.81 40.4798
-4.8 40.0083
-4.79 39.5406
-4.78 39.0767
-4.77 38.6164
-4.76 38.1599
-4.75 37.7071
-4.74 37.258
-4.73 36.8125
-4.72 36.3706
-4.71 35.9324
-4.7 35.4978
-4.69 35.0667
-4.68 34.6392
-4.67 34.2153
-4.66 33.7949
-4.65 33.378
-4.64 32.9646
-4.63 32.5547
-4.62 32.1482
-4.61 31.7452
-4.6 31.3456
-4.59 30.9494
-4.58 30.5566
-4.57 30.1671
-4.56 29.781
-4.55 29.3983
-4.54 29.0188
-4.53 28.6427
-4.52 28.2698
-4.51 27.9002
-4.5 27.5338
-4.49 27.1707
-4.48 26.8108
-4.47 26.454
-4.46 26.1005
-4.45 25.7501
-4.44 25.4028
-4.43 25.0587
-4.42 24.7177
-4.41 24.3797
-4.4 24.0449
-4.39 23.7131
-4.38 23.3843
-4.37 23.0585
-4.36 22.7358
-4.35 22.416
-4.34 22.0993
-4.33 21.7854
-4.32 21.4745
-4.31 21.1666
-4.3 20.8615
-4.29 20.5593
-4.28 20.2601
-4.27 19.9636
-4.26 19.67
-4.25 19.3792
-4.24 19.0912
-4.23 18.8061
-4.22 18.5237
-4.21 18.244
-4.2 17.9671
-4.19 17.6929
-4.18 17.4214
-4.17 17.1527
-4.16 16.8865
-4.15 16.6231
-4.14 16.3623
-4.13 16.1041
-4.12 15.8486
-4.11 15.5956
-4.1 15.3453
-4.09 15.0975
-4.08 14.8522
-4.07 14.6095
-4.06 14.3693
-4.05 14.1316
-4.04 13.8964
-4.03 13.6637
-4.02 13.4334
-4.01 13.2056
-4 12.9802
-3.99 12.7572
-3.98 12.5367
-3.97 12.3185
-3.96 12.1026
-3.95 11.8891
-3.94 11.678
-3.93 11.4692
-3.92 11.2627
-3.91 11.0585
-3.9 10.8565
-3.89 10.6568
-3.88 10.4594
-3.87 10.2642
-3.86 10.0712
-3.85 9.88045
-3.84 9.69187
-3.83 9.50546
-3.82 9.32122
-3.81 9.13911
-3.8 8.95915
-3.79 8.7813
-3.78 8.60555
-3.77 8.43189
-3.76 8.2603
-3.75 8.09078
-3.74 7.92331
-3.73 7.75786
-3.72 7.59443
-3.71 7.43301
-3.7 7.27358
-3.69 7.11613
-3.68 6.96064
-3.67 6.80709
-3.66 6.65548
-3.65 6.5058
-3.64 6.35802
-3.63 6.21213
-3.62 6.06812
-3.61 5.92599
-3.6 5.7857
-3.59 5.64725
-3.58 5.51063
-3.57 5.37583
-3.56 5.24282
-3.55 5.1116
-3.54 4.98215
-3.53 4.85446
-3.52 4.72852
-3.51 4.60431
-3.5 4.48182
-3.49 4.36103
-3.48 4.24195
-3.47 4.12454
-3.46 4.0088
-3.45 3.89472
-3.44 3.78228
-3.43 3.67147
-3.42 3.56227
-3.41 3.45468
-3.4 3.34868
-3.39 3.24427
-3.38 3.14141
-3.37 3.04011
-3.36 2.94036
-3.35 2.84213
-3.34 2.74542
-3.33 2.65021
-3.32 2.55649
-3.31 2.46426
-3.3 2.37349
-3.29 2.28418
-3.28 2.19631
-3.27 2.10987
-3.26 2.02485
-3.25 1.94123
-3.24 1.85902
-3.23 1.77818
-3.22 1.69872
-3.21 1.62061
-3.2 1.54385
-3.19 1.46843
-3.18 1.39434
-3.17 1.32155
-3.16 1.25007
-3.15 1.17987
-3.14 1.11095
-3.13 1.0433
-3.12 0.976907
-3.11 0.911754
-3.1 0.847833
-3.09 0.785133
-3.08 0.723642
-3.07 0.66335
-3.06 0.604245
-3.05 0.546315
-3.04 0.48955
-3.03 0.433939
-3.02 0.379471
-3.01 0.326134
-3 0.273919
-2.99 0.222813
-2.98 0.172806
-2.97 0.123888
-2.96 0.0760473
-2.95 0.0292735
-2.94 -0.0164442
-2.93 -0.0611162
-2.92 -0.104753
-2.91 -0.147366
-2.9 -0.188964
-2.89 -0.229559
-2.88 -0.269161
-2.87 -0.30778
-2.86 -0.345426
-2.85 -0.382111
-2.84 -0.417843
-2.83 -0.452633
-2.82 -0.486492
-2.81 -0.519429
-2.8 -0.551455
-2.79 -0.582579
-2.78 -0.612812
-2.77 -0.642163
-2.76 -0.670642
-2.75 -0.698259
-2.74 -0.725024
-2.73 -0.750947
-2.72 -0.776037
-2.71 -0.800305
-2.7 -0.823758
-2.69 -0.846408
-2.68 -0.868264
-2.67 -0.889335
-2.66 -0.90963
-2.65 -0.92916
-2.64 -0.947933
-2.63 -0.965959
-2.62 -0.983246
-2.61 -0.999805
-2.6 -1.01564
-2.59 -1.03077
-2.58 -1.0452
-2.57 -1.05894
-2.56 -1.07199
-2.55 -1.08437
-2.54 -1.09608
-2.53 -1.10713
-2.52 -1.11754
-2.51 -1.12731
-2.5 -1.13645
-2.49 -1.14497
-2.48 -1.15287
-2.47 -1.16017
-2.46 -1.16688
-2.45 -1.17299
-2.44 -1.17853
-2.43 -1.1835
-2.42 -1.18791
-2.41 -1.19176
-2.4 -1.19507
-2.39 -1.19784
-2.38 -1.20009
-2.37 -1.20181
-2.36 -1.20302
-2.35 -1.20373
-2.34 -1.20394
-2.33 -1.20366
-2.32 -1.2029
-2.31 -1.20168
-2.3 -1.19998
-2.29 -1.19783
-2.28 -1.19523
-2.27 -1.19219
-2.26 -1.18872
-2.25 -1.18482
-2.24 -1.1805
-2.23 -1.17577
-2.22 -1.17064
-2.21 -1.16512
-2.2 -1.15921
-2.19 -1.15291
-2.18 -1.14624
-2.17 -1.13921
-2.16 -1.13182
-2.15 -1.12408
-2.14 -1.11599
-2.13 -1.10757
-2.12 -1.09881
-2.11 -1.08973
-2.1 -1.08034
-2.09 -1.07064
-2.08 -1.06064
-2.07 -1.05034
-2.06 -1.03975
-2.05 -1.02888
-2.04 -1.01774
-2.03 -1.00633
-2.02 -0.994655
-2.01 -0.982728
-2 -0.970552
-1.99 -0.958135
-1.98 -0.945483
-1.97 -0.932602
-1.96 -0.919499
-1.95 -0.90618
-1.94 -0.892651
-1.93 -0.878919
-1.92 -0.864989
-1.91 -0.850869
-1.9 -0.836564
-1.89 -0.82208
-1.88 -0.807424
-1.87 -0.792601
-1.86 -0.777617
-1.85 -0.762479
-1.84 -0.747191
-1.83 -0.731761
-1.82 -0.716193
-1.81 -0.700494
-1.8 -0.684669
-1.79 -0.668724
-1.78 -0.652664
-1.77 -0.636496
-1.76 -0.620224
-1.75 -0.603854
-1.74 -0.587391
-1.73 -0.570842
-1.72 -0.554211
-1.71 -0.537503
-1.7 -0.520724
-1.69 -0.50388
-1.68 -0.486974
-1.67 -0.470013
-1.66 -0.453002
-1.65 -0.435945
-1.64 -0.418848
-1.63 -0.401715
-1.62 -0.384552
-1.61 -0.367363
-1.6 -0.350153
-1.59 -0.332927
-1.58 -0.31569
-1.57 -0.298447
-1.56 -0.281201
-1.55 -0.263958
-1.54 -0.246723
-1.53 -0.229499
-1.52 -0.212292
-1.51 -0.195105
-1.5 -0.177943
-1.49 -0.160811
-1.48 -0.143713
-1.47 -0.126653
-1.46 -0.109635
-1.45 -0.0926638
-1.44 -0.0757431
-1.43 -0.0588772
-1.42 -0.0420701
-1.41 -0.0253257
-1.4 -0.00864815
-1.39 0.00795873
-1.38 0.024491
-1.37 0.040945
-1.36 0.0573167
-1.35 0.0736024
-1.34 0.0897986
-1.33 0.105901
-1.32 0.121907
-1.31 0.137813
-1.3 0.153614
-1.29 0.169308
-1.28 0.184891
-1.27 0.200359
-1.26 0.21571
-1.25 0.230939
-1.24 0.246045
-1.23 0.261022
-1.22 0.27587
-1.21 0.290583
-1.2 0.305159
-1.19 0.319595
-1.18 0.333888
-1.17 0.348036
-1.16 0.362034
-1.15 0.37588
-1.14 0.389572
-1.13 0.403107
-1.12 0.416481
-1.11 0.429692
-1.1 0.442738
-1.09 0.455616
-1.08 0.468323
-1.07 0.480857
-1.06 0.493214
-1.05 0.505394
-1.04 0.517393
-1.03 0.529209
-1.02 0.54084
-1.01 0.552284
-1 0.563537
-0.99 0.574599
-0.98 0.585466
-0.97 0.596138
-0.96 0.606611
-0.95 0.616883
-0.94 0.626954
-0.93 0.63682
-0.92 0.646481
-0.91 0.655933
-0.9 0.665176
-0.89 0.674208
-0.88 0.683026
-0.87 0.69163
-0.86 0.700017
-0.85 0.708186
-0.84 0.716136
-0.83 0.723865
-0.82 0.731371
-0.81 0.738653
-0.8 0.745711
-0.79 0.752542
-0.78 0.759145
-0.77 0.765519
-0.76 0.771662
-0.75 0.777575
-0.74 0.783255
-0.73 0.788702
-0.72 0.793914
-0.71 0.79889
-0.7 0.80363
-0.69 0.808133
-0.68 0.812398
-0.67 0.816424
-0.66 0.820211
-0.65 0.823757
-0.64 0.827062
-0.63 0.830125
-0.62 0.832946
-0.61 0.835525
-0.6 0.83786
-0.59 0.839952
-0.58 0.841799
-0.57 0.843402
-0.56 0.844761
-0.55 0.845874
-0.54 0.846742
-0.53 0.847365
-0.52 0.847742
-0.51 0.847873
-0.5 0.847759
-0.49 0.847399
-0.48 0.846793
-0.47 0.845942
-0.46 0.844845
-0.45 0.843503
-0.44 0.841916
-0.43 0.840084
-0.42 0.838007
-0.41 0.835686
-0.4 0.833121
-0.39 0.830313
-0.38 0.827262
-0.37 0.823968
-0.36 0.820433
-0.35 0.816656
-0.34 0.812638
-0.33 0.808381
-0.32 0.803884
-0.31 0.799149
-0.3 0.794176
-0.29 0.788966
-0.28 0.783521
-0.27 0.77784
-0.26 0.771926
-0.25 0.765778
-0.24 0.759399
-0.23 0.752789
-0.22 0.745949
-0.21 0.738881
-0.2 0.731586
-0.19 0.724065
-0.18 0.71632
-0.17 0.708352
-0.16 0.700161
-0.15 0.691751
-0.14 0.683122
-0.13 0.674276
-0.12 0.665214
-0.11 0.655939
-0.1 0.646451
-0.09 0.636752
-0.08 0.626845
-0.07 0.616731
-0.06 0.606412
-0.05 0.59589
-0.04 0.585167
-0.03 0.574245
-0.02 0.563125
-0.01 0.55181
-6.23078e-14 0.540302
0.01 0.528604
0.02 0.516717
0.03 0.504643
0.04 0.492386
0.05 0.479946
0.06 0.467328
0.07 0.454532
0.08 0.441562
0.09 0.42842
0.1 0.415109
0.11 0.401631
0.12 0.387989
0.13 0.374185
0.14 0.360223
0.15 0.346104
0.16 0.331833
0.17 0.317411
0.18 0.302842
0.19 0.288128
0.2 0.273273
0.21 0.25828
0.22 0.243151
0.23 0.22789
0.24 0.2125
0.25 0.196984
0.26 0.181345
0.27 0.165587
0.28 0.149714
0.29 0.133727
0.3 0.117632
0.31 0.101431
0.32 0.0851272
0.33 0.0687252
0.34 0.0522281
0.35 0.0356397
0.36 0.0189636
0.37 0.00220347
0.38 -0.0146368
0.39 -0.0315535
0.4 -0.0485427
0.41 -0.0656006
0.42 -0.0827231
0.43 -0.0999063
0.44 -0.117146
0.45 -0.134439
0.46 -0.15178
0.47 -0.169165
0.48 -0.18659
0.49 -0.204051
0.5 -0.221544
0.51 -0.239064
0.52 -0.256606
0.53 -0.274168
0.54 -0.291743
0.55 -0.309327
0.56 -0.326917
0.57 -0.344506
0.58 -0.362091
0.59 -0.379668
0.6 -0.39723
0.61 -0.414774
0.62 -0.432295
0.63 -0.449787
0.64 -0.467246
0.65 -0.484667
0.66 -0.502045
0.67 -0.519375
0.68 -0.536652
0.69 -0.55387
0.7 -0.571025
0.71 -0.588112
0.72 -0.605124
0.73 -0.622057
0.74 -0.638906
0.75 -0.655665
0.76 -0.672328
0.77 -0.688891
0.78 -0.705347
0.79 -0.721692
0.8 -0.737919
0.81 -0.754023
0.82 -0.769998
0.83 -0.785838
0.84 -0.801538
0.85 -0.817092
0.86 -0.832495
0.87 -0.847739
0.88 -0.862819
0.89 -0.87773
0.9 -0.892465
0.91 -0.907017
0.92 -0.921382
0.93 -0.935553
0.94 -0.949523
0.95 -0.963286
0.96 -0.976837
0.97 -0.990168
0.98 -1.00327
0.99 -1.01615
1 -1.02878
1.01 -1.04117
1.02 -1.05331
1.03 -1.06519
1.04 -1.07681
1.05 -1.08815
1.06 -1.09921
1.07 -1.10999
1.08 -1.12048
1.09 -1.13067
1.1 -1.14056
1.11 -1.15013
1.12 -1.15938
1.13 -1.16831
1.14 -1.1769
1.15 -1.18515
1.16 -1.19305
1.17 -1.2006
1.18 -1.20778
1.19 -1.2146
1.2 -1.22104
1.21 -1.22709
1.22 -1.23276
1.23 -1.23802
1.24 -1.24288
1.25 -1.24732
1.26 -1.25134
1.27 -1.25493
1.28 -1.25808
1.29 -1.26079
1.3 -1.26304
1.31 -1.26484
1.32 -1.26616
1.33 -1.26701
1.34 -1.26738
1.35 -1.26725
1.36 -1.26663
1.37 -1.26549
1.38 -1.26384
1.39 -1.26166
1.4 -1.25895
1.41 -1.2557
1.42 -1.2519
1.43 -1.24754
1.44 -1.24262
1.45 -1.23712
1.46 -1.23104
1.47 -1.22436
1.48 -1.21709
1.49 -1.20921
1.5 -1.20071
1.51 -1.19158
1.52 -1.18182
1.53 -1.17142
1.54 -1.16036
1.55 -1.14864
1.56 -1.13626
1.57 -1.12319
1.58 -1.10944
1.59 -1.09498
1.6 -1.07983
1.61 -1.06395
1.62 -1.04736
1.63 -1.03002
1.64 -1.01195
1.65 -0.993124
1.66 -0.973536
1.67 -0.953177
1.68 -0.932038
1.69 -0.910109
1.7 -0.887381
1.71 -0.863844
1.72 -0.839488
1.73 -0.814305
1.74 -0.788284
1.75 -0.761415
1.76 -0.733689
1.77 -0.705095
1.78 -0.675625
1.79 -0.645268
1.8 -0.614014
1.81 -0.581854
1.82 -0.548776
1.83 -0.514772
1.84 -0.479831
1.85 -0.443942
1.86 -0.407097
1.87 -0.369283
1.88 -0.330492
1.89 -0.290712
1.9 -0.249934
1.91 -0.208147
1.92 -0.16534
1.93 -0.121503
1.94 -0.0766253
1.95 -0.0306967
1.96 0.0162938
1.97 0.0643568
1.98 0.113503
1.99 0.163743
2 0.215088
2.01 0.267549
2.02 0.321136
2.03 0.375861
2.04 0.431735
2.05 0.488768
2.06 0.546971
2.07 0.606357
2.08 0.666935
2.09 0.728717
2.1 0.791715
2.11 0.855939
2.12 0.921401
2.13 0.988113
2.14 1.05609
2.15 1.12533
2.16 1.19586
2.17 1.26768
2.18 1.34081
2.19 1.41526
2.2 1.49104
2.21 1.56816
2.22 1.64664
2.23 1.72648
2.24 1.8077
2.25 1.89031
2.26 1.97431
2.27 2.05974
2.28 2.14658
2.29 2.23487
2.3 2.3246
2.31 2.4158
2.32 2.50847
2.33 2.60262
2.34 2.69828
2.35 2.79544
2.36 2.89413
2.37 2.99436
2.38 3.09613
2.39 3.19946
2.4 3.30436
2.41 3.41085
2.42 3.51894
2.43 3.62864
2.44 3.73997
2.45 3.85293
2.46 3.96754
2.47 4.08381
2.48 4.20175
2.49 4.32139
2.5 4.44272
2.51 4.56577
2.52 4.69055
2.53 4.81707
2.54 4.94534
2.55 5.07538
2.56 5.20719
2.57 5.3408
2.58 5.47622
2.59 5.61345
2.6 5.75252
2.61 5.89344
2.62 6.03622
2.63 6.18087
2.64 6.3274
2.65 6.47584
2.66 6.62619
2.67 6.77848
2.68 6.9327
2.69 7.08888
2.7 7.24703
2.71 7.40716
2.72 7.56929
2.73 7.73344
2.74 7.89961
2.75 8.06781
2.76 8.23808
2.77 8.41041
2.78 8.58482
2.79 8.76133
2.8 8.93995
2.81 9.12069
2.82 9.30358
2.83 9.48862
2.84 9.67582
2.85 9.86521
2.86 10.0568
2.87 10.2506
2.88 10.4466
2.89 10.6449
2.9 10.8454
2.91 11.0482
2.92 11.2533
2.93 11.4607
2.94 11.6704
2.95 11.8824
2.96 12.0968
2.97 12.3135
2.98 12.5326
2.99 12.7541
3 12.978
3.01 13.2043
3.02 13.4331
3.03 13.6643
3.04 13.898
3.05 14.1342
3.06 14.3728
3.07 14.614
3.08 14.8577
3.09 15.104
3.1 15.3528
3.11 15.6041
3.12 15.8581
3.13 16.1147
3.14 16.3739
3.15 16.6357
3.16 16.9002
3.17 17.1674
3.18 17.4373
3.19 17.7098
3.2 17.9851
3.21 18.2631
3.22 18.5438
3.23 18.8274
3.24 19.1137
3.25 19.4028
3.26 19.6947
3.27 19.9895
3.28 20.2871
3.29 20.5875
3.3 20.8909
3.31 21.1971
3.32 21.5063
3.33 21.8184
3.34 22.1334
3.35 22.4514
3.36 22.7724
3.37 23.0963
3.38 23.4233
3.39 23.7534
3.4 24.0864
3.41 24.4226
3.42 24.7618
3.43 25.1041
3.44 25.4495
3.45 25.7981
3.46 26.1498
3.47 26.5047
3.48 26.8627
3.49 27.224
3.5 27.5885
3.51 27.9562
3.52 28.3272
3.53 28.7015
3.54 29.079
3.55 29.4598
3.56 29.844
3.57 30.2315
3.58 30.6224
3.59 31.0166
3.6 31.4143
3.61 31.8154
3.62 32.2198
3.63 32.6278
3.64 33.0392
3.65 33.4541
3.66 33.8725
3.67 34.2944
3.68 34.7198
3.69 35.1488
3.7 35.5814
3.71 36.0176
3.72 36.4574
3.73 36.9008
3.74 37.3479
3.75 37.7986
3.76 38.253
3.77 38.7111
3.78 39.173
3.79 39.6386
3.8 40.1079
3.81 40.581
3.82 41.0579
3.83 41.5387
3.84 42.0232
3.85 42.5117
3.86 43.004
3.87 43.5002
3.88 44.0003
3.89 44.5043
3.9 45.0123
3.91 45.5242
3.92 46.0401
3.93 46.5601
3.94 47.084
3.95 47.612
3.96 48.1441
3.97 48.6802
3.98 49.2205
3.99 49.7649
4 50.3134
4.01 50.8661
4.02 51.4229
4.03 51.984
4.04 52.5493
4.05 53.1188
4.06 53.6926
4.07 54.2706
4.08 54.853
4.09 55.4397
4.1 56.0307
4.11 56.6261
4.12 57.2258
4.13 57.83
4.14 58.4385
4.15 59.0516
4.16 59.669
4.17 60.291
4.18 60.9174
4.19 61.5484
4.2 62.1839
4.21 62.824
4.22 63.4686
4.23 64.1179
4.24 64.7718
4.25 65.4303
4.26 66.0935
4.27 66.7614
4.28 67.4339
4.29 68.1112
4.3 68.7933
4.31 69.4801
4.32 70.1717
4.33 70.8681
4.34 71.5694
4.35 72.2755
4.36 72.9865
4.37 73.7023
4.38 74.4231
4.39 75.1488
4.4 75.8795
4.41 76.6152
4.42 77.3558
4.43 78.1015
4.44 78.8522
4.45 79.608
4.46 80.3689
4.47 81.1348
4.48 81.9059
4.49 82.6822
4.5 83.4636
4.51 84.2503
4.52 85.0421
4.53 85.8392
4.54 86.6415
4.55 87.4491
4.56 88.2621
4.57 89.0803
4.58 89.9039
4.59 90.7329
4.6 91.5672
4.61 92.407
4.62 93.2522
4.63 94.1029
4.64 94.959
4.65 95.8206
4.66 96.6878
4.67 97.5605
4.68 98.4388
4.69 99.3227
4.7 100.212
4.71 101.107
4.72 102.008
4.73 102.915
4.74 103.827
4.75 104.745
4.76 105.668
4.77 106.598
4.78 107.533
4.79 108.474
4.8 109.421
4.81 110.374
4.82 111.332
4.83 112.297
4.84 113.268
4.85 114.244
4.86 115.226
4.87 116.215
4.88 117.209
4.89 118.21
4.9 119.216
4.91 120.229
4.92 121.248
4.93 122.273
4.94 123.304
4.95 124.341
4.96 125.385
4.97 126.435
4.98 127.491
4.99 128.553
5 129.622
