-2 -0.989992
-1.99 -0.986972
-1.98 -0.983557
-1.97 -0.979749
-1.96 -0.975549
-1.95 -0.970958
-1.94 -0.965979
-1.93 -0.960614
-1.92 -0.954865
-1.91 -0.948733
-1.9 -0.942222
-1.89 -0.935335
-1.88 -0.928073
-1.87 -0.92044
-1.86 -0.912438
-1.85 -0.904072
-1.84 -0.895344
-1.83 -0.886258
-1.82 -0.876818
-1.81 -0.867027
-1.8 -0.856889
-1.79 -0.846408
-1.78 -0.835589
-1.77 -0.824435
-1.76 -0.812952
-1.75 -0.801144
-1.74 -0.789015
-1.73 -0.77657
-1.72 -0.763815
-1.71 -0.750755
-1.7 -0.737394
-1.69 -0.723738
-1.68 -0.709793
-1.67 -0.695563
-1.66 -0.681056
-1.65 -0.666276
-1.64 -0.65123
-1.63 -0.635923
-1.62 -0.620362
-1.61 -0.604552
-1.6 -0.588501
-1.59 -0.572215
-1.58 -0.555699
-1.57 -0.538961
-1.56 -0.522008
-1.55 -0.504846
-1.54 -0.487482
-1.53 -0.469923
-1.52 -0.452176
-1.51 -0.434248
-1.5 -0.416147
-1.49 -0.397879
-1.48 -0.379452
-1.47 -0.360873
-1.46 -0.34215
-1.45 -0.32329
-1.44 -0.3043
-1.43 -0.285189
-1.42 -0.265964
-1.41 -0.246632
-1.4 -0.227202
-1.39 -0.207681
-1.38 -0.188077
-1.37 -0.168397
-1.36 -0.148651
-1.35 -0.128844
-1.34 -0.108987
-1.33 -0.0890854
-1.32 -0.0691484
-1.31 -0.0491838
-1.3 -0.0291995
-1.29 -0.00920354
-1.28 0.0107961
-1.27 0.0307915
-1.26 0.0507745
-1.25 0.0707372
-1.24 0.0906716
-1.23 0.11057
-1.22 0.130424
-1.21 0.150225
-1.2 0.169967
-1.19 0.189641
-1.18 0.209239
-1.17 0.228753
-1.16 0.248175
-1.15 0.267499
-1.14 0.286715
-1.13 0.305817
-1.12 0.324796
-1.11 0.343646
-1.1 0.362358
-1.09 0.380925
-1.08 0.39934
-1.07 0.417595
-1.06 0.435682
-1.05 0.453596
-1.04 0.471328
-1.03 0.488872
-1.02 0.50622
-1.01 0.523366
-1 0.540302
-0.99 0.557023
-0.98 0.57352
-0.97 0.589788
-0.96 0.60582
-0.95 0.62161
-0.94 0.637151
-0.93 0.652437
-0.92 0.667463
-0.91 0.682221
-0.9 0.696707
-0.89 0.710914
-0.88 0.724836
-0.87 0.738469
-0.86 0.751806
-0.85 0.764842
-0.84 0.777573
-0.83 0.789992
-0.82 0.802096
-0.81 0.813878
-0.8 0.825336
-0.79 0.836463
-0.78 0.847255
-0.77 0.857709
-0.76 0.867819
-0.75 0.877583
-0.74 0.886995
-0.73 0.896052
-0.72 0.904752
-0.71 0.913089
-0.7 0.921061
-0.69 0.928665
-0.68 0.935897
-0.67 0.942755
-0.66 0.949235
-0.65 0.955336
-0.64 0.961055
-0.63 0.96639
-0.62 0.971338
-0.61 0.975897
-0.6 0.980067
-0.59 0.983844
-0.58 0.987227
-0.57 0.990216
-0.56 0.992809
-0.55 0.995004
-0.54 0.996802
-0.53 0.998201
-0.52 0.9992
-0.51 0.9998
-0.5 1
-0.49 0.9998
-0.48 0.9992
-0.47 0.998201
-0.46 0.996802
-0.45 0.995004
-0.44 0.992809
-0.43 0.990216
-0.42 0.987227
-0.41 0.983844
-0.4 0.980067
-0.39 0.975897
-0.38 0.971338
-0.37 0.96639
-0.36 0.961055
-0.35 0.955336
-0.34 0.949235
-0.33 0.942755
-0.32 0.935897
-0.31 0.928665
-0.3 0.921061
-0.29 0.913089
-0.28 0.904752
-0.27 0.896052
-0.26 0.886995
-0.25 0.877583
-0.24 0.867819
-0.23 0.857709
-0.22 0.847255
-0.21 0.836463
-0.2 0.825336
-0.19 0.813878
-0.18 0.802096
-0.17 0.789992
-0.16 0.777573
-0.15 0.764842
-0.14 0.751806
-0.13 0.738469
-0.12 0.724836
-0.11 0.710914
-0.1 0.696707
-0.09 0.682221
-0.08 0.667463
-0.07 0.652437
-0.06 0.637151
-0.05 0.62161
-0.04 0.60582
-0.03 0.589788
-0.02 0.57352
-0.01 0.557023
1.64105e-15 0.540302
0.01 0.523366
0.02 0.50622
0.03 0.488872
0.04 0.471328
0.05 0.453596
0.06 0.435682
0.07 0.417595
0.08 0.39934
0.09 0.380925
0.1 0.362358
0.11 0.343646
0.12 0.324796
0.13 0.305817
0.14 0.286715
0.15 0.267499
0.16 0.248175
0.17 0.228753
0.18 0.209239
0.19 0.189641
0.2 0.169967
0.21 0.150225
0.22 0.130424
0.23 0.11057
0.24 0.0906716
0.25 0.0707372
0.26 0.0507745
0.27 0.0307915
0.28 0.0107961
0.29 -0.00920354
0.3 -0.0291995
0.31 -0.0491838
0.32 -0.0691484
0.33 -0.0890854
0.34 -0.108987
0.35 -0.128844
0.36 -0.148651
0.37 -0.168397
0.38 -0.188077
0.39 -0.207681
0.4 -0.227202
0.41 -0.246632
0.42 -0.265964
0.43 -0.285189
0.44 -0.3043
0.45 -0.32329
0.46 -0.34215
0.47 -0.360873
0.48 -0.379452
0.49 -0.397879
0.5 -0.416147
0.51 -0.434248
0.52 -0.452176
0.53 -0.469923
0.54 -0.487482
0.55 -0.504846
0.56 -0.522008
0.57 -0.538961
0.58 -0.555699
0.59 -0.572215
0.6 -0.588501
0.61 -0.604552
0.62 -0.620362
0.63 -0.635923
0.64 -0.65123
0.65 -0.666276
0.66 -0.681056
0.67 -0.695563
0.68 -0.709793
0.69 -0.723738
0.7 -0.737394
0.71 -0.750755
0.72 -0.763815
0.73 -0.77657
0.74 -0.789015
0.75 -0.801144
0.76 -0.812952
0.77 -0.824435
0.78 -0.835589
0.79 -0.846408
0.8 -0.856889
0.81 -0.867027
0.82 -0.876818
0.83 -0.886258
0.84 -0.895344
0.85 -0.904072
0.86 -0.912438
0.87 -0.92044
0.88 -0.928073
0.89 -0.935335
0.9 -0.942222
0.91 -0.948733
0.92 -0.954865
0.93 -0.960614
0.94 -0.965979
0.95 -0.970958
0.96 -0.975549
0.97 -0.979749
0.98 -0.983557
0.99 -0.986972
1 -0.989992
1.01 -0.992617
1.02 -0.994844
1.03 -0.996673
1.04 -0.998104
1.05 -0.999135
1.06 -0.999767
1.07 -0.999999
1.08 -0.999831
1.09 -0.999263
1.1 -0.998295
1.11 -0.996928
1.12 -0.995162
1.13 -0.992998
1.14 -0.990437
1.15 -0.98748
1.16 -0.984128
1.17 -0.980382
1.18 -0.976244
1.19 -0.971715
1.2 -0.966798
1.21 -0.961494
1.22 -0.955806
1.23 -0.949735
1.24 -0.943285
1.25 -0.936457
1.26 -0.929254
1.27 -0.92168
1.28 -0.913737
1.29 -0.905429
1.3 -0.896758
1.31 -0.887729
1.32 -0.878345
1.33 -0.868609
1.34 -0.858526
1.35 -0.8481
1.36 -0.837334
1.37 -0.826234
1.38 -0.814803
1.39 -0.803046
1.4 -0.790968
1.41 -0.778573
1.42 -0.765867
1.43 -0.752855
1.44 -0.739542
1.45 -0.725932
1.46 -0.712033
1.47 -0.697848
1.48 -0.683385
1.49 -0.668648
1.5 -0.653644
1.51 -0.638378
1.52 -0.622857
1.53 -0.607087
1.54 -0.591073
1.55 -0.574824
1.56 -0.558345
1.57 -0.541642
1.58 -0.524722
1.59 -0.507593
1.6 -0.490261
1.61 -0.472732
1.62 -0.455015
1.63 -0.437115
1.64 -0.419041
1.65 -0.400799
1.66 -0.382397
1.67 -0.363842
1.68 -0.345141
1.69 -0.326302
1.7 -0.307333
1.71 -0.288241
1.72 -0.269033
1.73 -0.249718
1.74 -0.230303
1.75 -0.210796
1.76 -0.191204
1.77 -0.171536
1.78 -0.1518
1.79 -0.132003
1.8 -0.112153
1.81 -0.0922576
1.82 -0.0723258
1.83 -0.052365
1.84 -0.0323833
1.85 -0.0123887
1.86 0.00761095
1.87 0.0276075
1.88 0.047593
1.89 0.0675595
1.9 0.087499
1.91 0.107403
1.92 0.127265
1.93 0.147076
1.94 0.166827
1.95 0.186512
1.96 0.206123
1.97 0.225651
1.98 0.245089
1.99 0.264428
