-5 -19
-4.99 -18.96
-4.98 -18.92
-4.97 -18.88
-4.96 -18.84
-4.95 -18.8
-4.94 -18.76
-4.93 -18.72
-4.92 -18.68
-4.91 -18.64
-4.9 -18.6
-4.89 -18.56
-4.88 -18.52
-4.87 -18.48
-4.86 -18.44
-4.85 -18.4
-4.84 -18.36
-4.83 -18.32
-4.82 -18.28
-4.81 -18.24
-4.8 -18.2
-4.79 -18.16
-4.78 -18.12
-4.77 -18.08
-4.76 -18.04
-4.75 -18
-4.74 -17.96
-4.73 -17.92
-4.72 -17.88
-4.71 -17.84
-4.7 -17.8
-4.69 -17.76
-4.68 -17.72
-4.67 -17.68
-4.66 -17.64
-4.65 -17.6
-4.64 -17.56
-4.63 -17.52
-4.62 -17.48
-4.61 -17.44
-4.6 -17.4
-4.59 -17.36
-4.58 -17.32
-4.57 -17.28
-4.56 -17.24
-4.55 -17.2
-4.54 -17.16
-4.53 -17.12
-4.52 -17.08
-4.51 -17.04
-4.5 -17
-4.49 -16.96
-4.48 -16.92
-4.47 -16.88
-4.46 -16.84
-4.45 -16.8
-4.44 -16.76
-4.43 -16.72
-4.42 -16.68
-4.41 -16.64
-4.4 -16.6
-4.39 -16.56
-4.38 -16.52
-4.37 -16.48
-4.36 -16.44
-4.35 -16.4
-4.34 -16.36
-4.33 -16.32
-4.32 -16.28
-4.31 -16.24
-4.3 -16.2
-4.29 -16.16
-4.28 -16.12
-4.27 -16.08
-4.26 -16.04
-4.25 -16
-4.24 -15.96
-4.23 -15.92
-4.22 -15.88
-4.21 -15.84
-4.2 -15.8
-4.19 -15.76
-4.18 -15.72
-4.17 -15.68
-4.16 -15.64
-4.15 -15.6
-4.14 -15.56
-4.13 -15.52
-4.12 -15.48
-4.11 -15.44
-4.1 -15.4
-4.09 -15.36
-4.08 -15.32
-4.07 -15.28
-4.06 -15.24
-4.05 -15.2
-4.04 -15.16
-4.03 -15.12
-4.02 -15.08
-4.01 -15.04
-4 -15
-3.99 -14.96
-3.98 -14.92
-3.97 -14.88
-3.96 -14.84
-3.95 -14.8
-3.94 -14.76
-3.93 -14.72
-3.92 -14.68
-3.91 -14.64
-3.9 -14.6
-3.89 -14.56
-3.88 -14.52
-3.87 -14.48
-3.86 -14.44
-3.85 -14.4
-3.84 -14.36
-3.83 -14.32
-3.82 -14.28
-3.81 -14.24
-3.8 -14.2
-3.79 -14.16
-3.78 -14.12
-3.77 -14.08
-3.76 -14.04
-3.75 -14
-3.74 -13.96
-3.73 -13.92
-3.72 -13.88
-3.71 -13.84
-3.7 -13.8
-3.69 -13.76
-3.68 -13.72
-3.67 -13.68
-3.66 -13.64
-3.65 -13.6
-3.64 -13.56
-3.63 -13.52
-3.62 -13.48
-3.61 -13.44
-3.6 -13.4
-3.59 -13.36
-3.58 -13.32
-3.57 -13.28
-3.56 -13.24
-3.55 -13.2
-3.54 -13.16
-3.53 -13.12
-3.52 -13.08
-3.51 -13.04
-3.5 -13
-3.49 -12.96
-3.48 -12.92
-3.47 -12.88
-3.46 -12.84
-3.45 -12.8
-3.44 -12.76
-3.43 -12.72
-3.42 -12.68
-3.41 -12.64
-3.4 -12.6
-3.39 -12.56
-3.38 -12.52
-3.37 -12.48
-3.36 -12.44
-3.35 -12.4
-3.34 -12.36
-3.33 -12.32
-3.32 -12.28
-3.31 -12.24
-3.3 -12.2
-3.29 -12.16
-3.28 -12.12
-3.27 -12.08
-3.26 -12.04
-3.25 -12
-3.24 -11.96
-3.23 -11.92
-3.22 -11.88
-3.21 -11.84
-3.2 -11.8
-3.19 -11.76
-3.18 -11.72
-3.17 -11.68
-3.16 -11.64
-3.15 -11.6
-3.14 -11.56
-3.13 -11.52
-3.12 -11.48
-3.11 -11.44
-3.1 -11.4
-3.09 -11.36
-3.08 -11.32
-3.07 -11.28
-3.06 -11.24
-3.05 -11.2
-3.04 -11.16
-3.03 -11.12
-3.02 -11.08
-3.01 -11.04
-3 -11
-2.99 -10.96
-2.98 -10.92
-2.97 -10.88
-2.96 -10.84
-2.95 -10.8
-2.94 -10.76
-2.93 -10.72
-2.92 -10.68
-2.91 -10.64
-2.9 -10.6
-2.89 -10.56
-2.88 -10.52
-2.87 -10.48
-2.86 -10.44
-2.85 -10.4
-2.84 -10.36
-2.83 -10.32
-2.82 -10.28
-2.81 -10.24
-2.8 -10.2
-2.79 -10.16
-2.78 -10.12
-2.77 -10.08
-2.76 -10.04
-2.75 -9.99998
-2.74 -9.95998
-2.73 -9.91998
-2.72 -9.87998
-2.71 -9.83998
-2.7 -9.79998
-2.69 -9.75998
-2.68 -9.71998
-2.67 -9.67998
-2.66 -9.63998
-2.65 -9.59998
-2.64 -9.55998
-2.63 -9.51998
-2.62 -9.47998
-2.61 -9.43998
-2.6 -9.39998
-2.59 -9.35998
-2.58 -9.31998
-2.57 -9.27998
-2.56 -9.23998
-2.55 -9.19998
-2.54 -9.15998
-2.53 -9.11998
-2.52 -9.07998
-2.51 -9.03998
-2.5 -8.99998
-2.49 -8.95998
-2.48 -8.91998
-2.47 -8.87998
-2.46 -8.83998
-2.45 -8.79998
-2.44 -8.75998
-2.43 -8.71998
-2.42 -8.67998
-2.41 -8.63998
-2.4 -8.59998
-2.39 -8.55998
-2.38 -8.51998
-2.37 -8.47998
-2.36 -8.43998
-2.35 -8.39998
-2.34 -8.35998
-2.33 -8.31998
-2.32 -8.27998
-2.31 -8.23998
-2.3 -8.19998
-2.29 -8.15998
-2.28 -8.11998
-2.27 -8.07998
-2.26 -8.03998
-2.25 -7.99998
-2.24 -7.95998
-2.23 -7.91998
-2.22 -7.87998
-2.21 -7.83998
-2.2 -7.79998
-2.19 -7.75998
-2.18 -7.71998
-2.17 -7.67998
-2.16 -7.63998
-2.15 -7.59998
-2.14 -7.55998
-2.13 -7.51998
-2.12 -7.47998
-2.11 -7.43998
-2.1 -7.39998
-2.09 -7.35998
-2.08 -7.31998
-2.07 -7.27998
-2.06 -7.23998
-2.05 -7.19998
-2.04 -7.15998
-2.03 -7.11998
-2.02 -7.07998
-2.01 -7.03998
-2 -6.99998
-1.99 -6.95998
-1.98 -6.91998
-1.97 -6.87998
-1.96 -6.83998
-1.95 -6.79998
-1.94 -6.75998
-1.93 -6.71998
-1.92 -6.67998
-1.91 -6.63998
-1.9 -6.59998
-1.89 -6.55998
-1.88 -6.51998
-1.87 -6.47998
-1.86 -6.43998
-1.85 -6.39998
-1.84 -6.35998
-1.83 -6.31998
-1.82 -6.27998
-1.81 -6.23998
-1.8 -6.19998
-1.79 -6.15998
-1.78 -6.11998
-1.77 -6.07998
-1.76 -6.03998
-1.75 -5.99998
-1.74 -5.95998
-1.73 -5.91998
-1.72 -5.87998
-1.71 -5.83998
-1.7 -5.79998
-1.69 -5.75998
-1.68 -5.71998
-1.67 -5.67998
-1.66 -5.63998
-1.65 -5.59998
-1.64 -5.55998
-1.63 -5.51998
-1.62 -5.47998
-1.61 -5.43998
-1.6 -5.39998
-1.59 -5.35998
-1.58 -5.31998
-1.57 -5.27998
-1.56 -5.23998
-1.55 -5.19998
-1.54 -5.15998
-1.53 -5.11998
-1.52 -5.07998
-1.51 -5.03998
-1.5 -4.99998
-1.49 -4.95998
-1.48 -4.91998
-1.47 -4.87998
-1.46 -4.83998
-1.45 -4.79998
-1.44 -4.75998
-1.43 -4.71998
-1.42 -4.67998
-1.41 -4.63998
-1.4 -4.59998
-1.39 -4.55998
-1.38 -4.51998
-1.37 -4.47998
-1.36 -4.43998
-1.35 -4.39998
-1.34 -4.35998
-1.33 -4.31999
-1.32 -4.27999
-1.31 -4.23999
-1.3 -4.19999
-1.29 -4.15999
-1.28 -4.11999
-1.27 -4.07999
-1.26 -4.03999
-1.25 -3.99999
-1.24 -3.95999
-1.23 -3.91999
-1.22 -3.87999
-1.21 -3.83999
-1.2 -3.79999
-1.19 -3.75999
-1.18 -3.71999
-1.17 -3.67999
-1.16 -3.63999
-1.15 -3.59999
-1.14 -3.55999
-1.13 -3.51999
-1.12 -3.47999
-1.11 -3.43999
-1.1 -3.39999
-1.09 -3.35999
-1.08 -3.31999
-1.07 -3.27999
-1.06 -3.23999
-1.05 -3.19999
-1.04 -3.15999
-1.03 -3.11999
-1.02 -3.07999
-1.01 -3.03999
-1 -2.99999
-0.99 -2.95999
-0.98 -2.91999
-0.97 -2.87999
-0.96 -2.83999
-0.95 -2.79999
-0.94 -2.75999
-0.93 -2.71999
-0.92 -2.67999
-0.91 -2.63999
-0.9 -2.59999
-0.89 -2.55999
-0.88 -2.51999
-0.87 -2.47999
-0.86 -2.43999
-0.85 -2.39999
-0.84 -2.35999
-0.83 -2.31999
-0.82 -2.27999
-0.81 -2.23999
-0.8 -2.19999
-0.79 -2.15999
-0.78 -2.11999
-0.77 -2.07999
-0.76 -2.03999
-0.75 -1.99999
-0.74 -1.95999
-0.73 -1.91999
-0.72 -1.87999
-0.71 -1.83999
-0.7 -1.79999
-0.69 -1.75999
-0.68 -1.71999
-0.67 -1.67999
-0.66 -1.63999
-0.65 -1.59999
-0.64 -1.55999
-0.63 -1.51999
-0.62 -1.47999
-0.61 -1.43999
-0.6 -1.39999
-0.59 -1.35999
-0.58 -1.31999
-0.57 -1.27999
-0.56 -1.23999
-0.55 -1.19999
-0.54 -1.15999
-0.53 -1.11999
-0.52 -1.07999
-0.51 -1.03999
-0.5 -0.999992
-0.49 -0.959992
-0.48 -0.919993
-0.47 -0.879993
-0.46 -0.839993
-0.45 -0.799993
-0.44 -0.759993
-0.43 -0.719993
-0.42 -0.679993
-0.41 -0.639993
-0.4 -0.599994
-0.39 -0.559994
-0.38 -0.519994
-0.37 -0.479994
-0.36 -0.439994
-0.35 -0.399994
-0.34 -0.359994
-0.33 -0.319994
-0.32 -0.279995
-0.31 -0.239995
-0.3 -0.199995
-0.29 -0.159995
-0.28 -0.119995
-0.27 -0.0799952
-0.26 -0.0399953
-0.25 4.58146e-06
-0.24 0.0400045
-0.23 0.0800043
-0.22 0.120004
-0.21 0.160004
-0.2 0.200004
-0.19 0.240004
-0.18 0.280004
-0.17 0.320004
-0.16 0.360003
-0.15 0.400003
-0.14 0.440003
-0.13 0.480003
-0.12 0.520003
-0.11 0.560003
-0.1 0.600003
-0.09 0.640002
-0.08 0.680002
-0.07 0.720002
-0.06 0.760002
-0.05 0.800002
-0.04 0.840002
-0.03 0.880002
-0.02 0.920001
-0.01 0.960001
-6.23078e-14 1
0.01 1.04
0.02 1.08
0.03 1.12
0.04 1.16
0.05 1.2
0.06 1.24
0.07 1.28
0.08 1.32
0.09 1.36
0.1 1.4
0.11 1.44
0.12 1.48
0.13 1.52
0.14 1.56
0.15 1.6
0.16 1.64
0.17 1.68
0.18 1.72
0.19 1.76
0.2 1.8
0.21 1.84
0.22 1.88
0.23 1.92
0.24 1.96
0.25 2
0.26 2.04
0.27 2.08
0.28 2.12
0.29 2.16
0.3 2.2
0.31 2.24
0.32 2.28
0.33 2.32
0.34 2.36
0.35 2.4
0.36 2.44
0.37 2.48
0.38 2.52
0.39 2.55999
0.4 2.59999
0.41 2.63999
0.42 2.67999
0.43 2.71999
0.44 2.75999
0.45 2.79999
0.46 2.83999
0.47 2.87999
0.48 2.91999
0.49 2.95999
0.5 2.99999
0.51 3.03999
0.52 3.07999
0.53 3.11999
0.54 3.15999
0.55 3.19999
0.56 3.23999
0.57 3.27999
0.58 3.31999
0.59 3.35999
0.6 3.39999
0.61 3.43999
0.62 3.47999
0.63 3.51999
0.64 3.55999
0.65 3.59999
0.66 3.63999
0.67 3.67999
0.68 3.71999
0.69 3.75999
0.7 3.79999
0.71 3.83999
0.72 3.87999
0.73 3.91999
0.74 3.95999
0.75 3.99999
0.76 4.03999
0.77 4.07999
0.78 4.11999
0.79 4.15999
0.8 4.19999
0.81 4.23999
0.82 4.27999
0.83 4.31999
0.84 4.35999
0.85 4.39999
0.86 4.43999
0.87 4.47999
0.88 4.51999
0.89 4.55999
0.9 4.59999
0.91 4.63999
0.92 4.67998
0.93 4.71998
0.94 4.75998
0.95 4.79998
0.96 4.83998
0.97 4.87998
0.98 4.91998
0.99 4.95998
1 4.99998
1.01 5.03998
1.02 5.07998
1.03 5.11998
1.04 5.15998
1.05 5.19998
1.06 5.23998
1.07 5.27998
1.08 5.31998
1.09 5.35998
1.1 5.39998
1.11 5.43998
1.12 5.47998
1.13 5.51998
1.14 5.55998
1.15 5.59998
1.16 5.63998
1.17 5.67998
1.18 5.71998
1.19 5.75998
1.2 5.79998
1.21 5.83998
1.22 5.87998
1.23 5.91998
1.24 5.95998
1.25 5.99998
1.26 6.03998
1.27 6.07998
1.28 6.11998
1.29 6.15998
1.3 6.19998
1.31 6.23998
1.32 6.27998
1.33 6.31998
1.34 6.35998
1.35 6.39998
1.36 6.43998
1.37 6.47998
1.38 6.51997
1.39 6.55997
1.4 6.59997
1.41 6.63997
1.42 6.67997
1.43 6.71997
1.44 6.75997
1.45 6.79997
1.46 6.83997
1.47 6.87997
1.48 6.91997
1.49 6.95997
1.5 6.99997
1.51 7.03997
1.52 7.07997
1.53 7.11997
1.54 7.15997
1.55 7.19997
1.56 7.23997
1.57 7.27997
1.58 7.31997
1.59 7.35997
1.6 7.39997
1.61 7.43997
1.62 7.47997
1.63 7.51997
1.64 7.55997
1.65 7.59997
1.66 7.63997
1.67 7.67997
1.68 7.71997
1.69 7.75997
1.7 7.79997
1.71 7.83997
1.72 7.87997
1.73 7.91997
1.74 7.95997
1.75 7.99997
1.76 8.03997
1.77 8.07997
1.78 8.11996
1.79 8.15996
1.8 8.19996
1.81 8.23996
1.82 8.27996
1.83 8.31996
1.84 8.35996
1.85 8.39996
1.86 8.43996
1.87 8.47996
1.88 8.51996
1.89 8.55996
1.9 8.59996
1.91 8.63996
1.92 8.67996
1.93 8.71996
1.94 8.75996
1.95 8.79996
1.96 8.83996
1.97 8.87996
1.98 8.91996
1.99 8.95996
2 8.99996
2.01 9.03996
2.02 9.07996
2.03 9.11996
2.04 9.15996
2.05 9.19996
2.06 9.23996
2.07 9.27996
2.08 9.31996
2.09 9.35996
2.1 9.39996
2.11 9.43996
2.12 9.47996
2.13 9.51996
2.14 9.55996
2.15 9.59995
2.16 9.63995
2.17 9.67995
2.18 9.71995
2.19 9.75995
2.2 9.79995
2.21 9.83995
2.22 9.87995
2.23 9.91995
2.24 9.95995
2.25 9.99995
2.26 10.04
2.27 10.08
2.28 10.12
2.29 10.16
2.3 10.2
2.31 10.24
2.32 10.2799
2.33 10.3199
2.34 10.3599
2.35 10.3999
2.36 10.4399
2.37 10.4799
2.38 10.5199
2.39 10.5599
2.4 10.5999
2.41 10.6399
2.42 10.6799
2.43 10.7199
2.44 10.7599
2.45 10.7999
2.46 10.8399
2.47 10.8799
2.48 10.9199
2.49 10.9599
2.5 10.9999
2.51 11.0399
2.52 11.0799
2.53 11.1199
2.54 11.1599
2.55 11.1999
2.56 11.2399
2.57 11.2799
2.58 11.3199
2.59 11.3599
2.6 11.3999
2.61 11.4399
2.62 11.4799
2.63 11.5199
2.64 11.5599
2.65 11.5999
2.66 11.6399
2.67 11.6799
2.68 11.7199
2.69 11.7599
2.7 11.7999
2.71 11.8399
2.72 11.8799
2.73 11.9199
2.74 11.9599
2.75 11.9999
2.76 12.0399
2.77 12.0799
2.78 12.1199
2.79 12.1599
2.8 12.1999
2.81 12.2399
2.82 12.2799
2.83 12.3199
2.84 12.3599
2.85 12.3999
2.86 12.4399
2.87 12.4799
2.88 12.5199
2.89 12.5599
2.9 12.5999
2.91 12.6399
2.92 12.6799
2.93 12.7199
2.94 12.7599
2.95 12.7999
2.96 12.8399
2.97 12.8799
2.98 12.9199
2.99 12.9599
3 12.9999
3.01 13.0399
3.02 13.0799
3.03 13.1199
3.04 13.1599
3.05 13.1999
3.06 13.2399
3.07 13.2799
3.08 13.3199
3.09 13.3599
3.1 13.3999
3.11 13.4399
3.12 13.4799
3.13 13.5199
3.14 13.5599
3.15 13.5999
3.16 13.6399
3.17 13.6799
3.18 13.7199
3.19 13.7599
3.2 13.7999
3.21 13.8399
3.22 13.8799
3.23 13.9199
3.24 13.9599
3.25 13.9999
3.26 14.0399
3.27 14.0799
3.28 14.1199
3.29 14.1599
3.3 14.1999
3.31 14.2399
3.32 14.2799
3.33 14.3199
3.34 14.3599
3.35 14.3999
3.36 14.4399
3.37 14.4799
3.38 14.5199
3.39 14.5599
3.4 14.5999
3.41 14.6399
3.42 14.6799
3.43 14.7199
3.44 14.7599
3.45 14.7999
3.46 14.8399
3.47 14.8799
3.48 14.9199
3.49 14.9599
3.5 14.9999
3.51 15.0399
3.52 15.0799
3.53 15.1199
3.54 15.1599
3.55 15.1999
3.56 15.2399
3.57 15.2799
3.58 15.3199
3.59 15.3599
3.6 15.3999
3.61 15.4399
3.62 15.4799
3.63 15.5199
3.64 15.5599
3.65 15.5999
3.66 15.6399
3.67 15.6799
3.68 15.7199
3.69 15.7599
3.7 15.7999
3.71 15.8399
3.72 15.8799
3.73 15.9199
3.74 15.9599
3.75 15.9999
3.76 16.0399
3.77 16.0799
3.78 16.1199
3.79 16.1599
3.8 16.1999
3.81 16.2399
3.82 16.2799
3.83 16.3199
3.84 16.3599
3.85 16.3999
3.86 16.4399
3.87 16.4799
3.88 16.5199
3.89 16.5599
3.9 16.5999
3.91 16.6399
3.92 16.6799
3.93 16.7199
3.94 16.7599
3.95 16.7999
3.96 16.8399
3.97 16.8799
3.98 16.9199
3.99 16.9599
4 16.9999
4.01 17.0399
4.02 17.0799
4.03 17.1199
4.04 17.1599
4.05 17.1999
4.06 17.2399
4.07 17.2799
4.08 17.3199
4.09 17.3599
4.1 17.3999
4.11 17.4399
4.12 17.4799
4.13 17.5199
4.14 17.5599
4.15 17.5999
4.16 17.6399
4.17 17.6799
4.18 17.7199
4.19 17.7599
4.2 17.7999
4.21 17.8399
4.22 17.8799
4.23 17.9199
4.24 17.9599
4.25 17.9999
4.26 18.0399
4.27 18.0799
4.28 18.1199
4.29 18.1599
4.3 18.1999
4.31 18.2399
4.32 18.2799
4.33 18.3199
4.34 18.3599
4.35 18.3999
4.36 18.4399
4.37 18.4799
4.38 18.5199
4.39 18.5599
4.4 18.5999
4.41 18.6399
4.42 18.6799
4.43 18.7199
4.44 18.7599
4.45 18.7999
4.46 18.8399
4.47 18.8799
4.48 18.9199
4.49 18.9599
4.5 18.9999
4.51 19.0399
4.52 19.0799
4.53 19.1199
4.54 19.1599
4.55 19.1999
4.56 19.2399
4.57 19.2799
4.58 19.3199
4.59 19.3599
4.6 19.3999
4.61 19.4399
4.62 19.4799
4.63 19.5199
4.64 19.5599
4.65 19.5999
4.66 19.6399
4.67 19.6799
4.68 19.7199
4.69 19.7599
4.7 19.7999
4.71 19.8399
4.72 19.8799
4.73 19.9199
4.74 19.9599
4.75 19.9999
4.76 20.0399
4.77 20.0799
4.78 20.1199
4.79 20.1599
4.8 20.1999
4.81 20.2399
4.82 20.2799
4.83 20.3199
4.84 20.3599
4.85 20.3999
4.86 20.4399
4.87 20.4799
4.88 20.5199
4.89 20.5599
4.9 20.5999
4.91 20.6399
4.92 20.6799
4.93 20.7199
4.94 20.7599
4.95 20.7999
4.96 20.8398
4.97 20.8798
4.98 20.9198
4.99 20.9598
5 20.9998
