-5 -13.2527
-4.99 -13.2492
-4.98 -13.2456
-4.97 -13.2418
-4.96 -13.2378
-4.95 -13.2337
-4.94 -13.2295
-4.93 -13.2251
-4.92 -13.2205
-4.91 -13.2158
-4.9 -13.211
-4.89 -13.206
-4.88 -13.2009
-4.87 -13.1956
-4.86 -13.1902
-4.85 -13.1847
-4.84 -13.179
-4.83 -13.1731
-4.82 -13.1671
-4.81 -13.161
-4.8 -13.1547
-4.79 -13.1483
-4.78 -13.1417
-4.77 -13.135
-4.76 -13.1282
-4.75 -13.1212
-4.74 -13.1141
-4.73 -13.1068
-4.72 -13.0994
-4.71 -13.0919
-4.7 -13.0842
-4.69 -13.0764
-4.68 -13.0684
-4.67 -13.0603
-4.66 -13.052
-4.65 -13.0437
-4.64 -13.0351
-4.63 -13.0265
-4.62 -13.0177
-4.61 -13.0087
-4.6 -12.9997
-4.59 -12.9905
-4.58 -12.9811
-4.57 -12.9716
-4.56 -12.962
-4.55 -12.9523
-4.54 -12.9424
-4.53 -12.9324
-4.52 -12.9222
-4.51 -12.9119
-4.5 -12.9015
-4.49 -12.8909
-4.48 -12.8802
-4.47 -12.8694
-4.46 -12.8584
-4.45 -12.8473
-4.44 -12.8361
-4.43 -12.8248
-4.42 -12.8133
-4.41 -12.8016
-4.4 -12.7899
-4.39 -12.778
-4.38 -12.766
-4.37 -12.7539
-4.36 -12.7416
-4.35 -12.7292
-4.34 -12.7166
-4.33 -12.704
-4.32 -12.6912
-4.31 -12.6783
-4.3 -12.6652
-4.29 -12.652
-4.28 -12.6387
-4.27 -12.6253
-4.26 -12.6117
-4.25 -12.598
-4.24 -12.5842
-4.23 -12.5703
-4.22 -12.5562
-4.21 -12.542
-4.2 -12.5277
-4.19 -12.5133
-4.18 -12.4987
-4.17 -12.484
-4.16 -12.4692
-4.15 -12.4542
-4.14 -12.4392
-4.13 -12.424
-4.12 -12.4087
-4.11 -12.3932
-4.1 -12.3777
-4.09 -12.362
-4.08 -12.3462
-4.07 -12.3303
-4.06 -12.3142
-4.05 -12.2981
-4.04 -12.2818
-4.03 -12.2654
-4.02 -12.2488
-4.01 -12.2322
-4 -12.2154
-3.99 -12.1985
-3.98 -12.1815
-3.97 -12.1644
-3.96 -12.1472
-3.95 -12.1298
-3.94 -12.1123
-3.93 -12.0947
-3.92 -12.077
-3.91 -12.0592
-3.9 -12.0412
-3.89 -12.0231
-3.88 -12.005
-3.87 -11.9867
-3.86 -11.9682
-3.85 -11.9497
-3.84 -11.9311
-3.83 -11.9123
-3.82 -11.8934
-3.81 -11.8744
-3.8 -11.8553
-3.79 -11.8361
-3.78 -11.8168
-3.77 -11.7974
-3.76 -11.7778
-3.75 -11.7581
-3.74 -11.7383
-3.73 -11.7185
-3.72 -11.6984
-3.71 -11.6783
-3.7 -11.6581
-3.69 -11.6378
-3.68 -11.6173
-3.67 -11.5968
-3.66 -11.5761
-3.65 -11.5553
-3.64 -11.5344
-3.63 -11.5134
-3.62 -11.4923
-3.61 -11.4711
-3.6 -11.4498
-3.59 -11.4284
-3.58 -11.4068
-3.57 -11.3852
-3.56 -11.3634
-3.55 -11.3416
-3.54 -11.3196
-3.53 -11.2975
-3.52 -11.2754
-3.51 -11.2531
-3.5 -11.2307
-3.49 -11.2082
-3.48 -11.1856
-3.47 -11.1629
-3.46 -11.1401
-3.45 -11.1172
-3.44 -11.0942
-3.43 -11.071
-3.42 -11.0478
-3.41 -11.0245
-3.4 -11.0011
-3.39 -10.9775
-3.38 -10.9539
-3.37 -10.9302
-3.36 -10.9064
-3.35 -10.8824
-3.34 -10.8584
-3.33 -10.8342
-3.32 -10.81
-3.31 -10.7857
-3.3 -10.7612
-3.29 -10.7367
-3.28 -10.7121
-3.27 -10.6874
-3.26 -10.6625
-3.25 -10.6376
-3.24 -10.6126
-3.23 -10.5875
-3.22 -10.5622
-3.21 -10.5369
-3.2 -10.5115
-3.19 -10.486
-3.18 -10.4604
-3.17 -10.4347
-3.16 -10.4089
-3.15 -10.383
-3.14 -10.357
-3.13 -10.3309
-3.12 -10.3048
-3.11 -10.2785
-3.1 -10.2521
-3.09 -10.2257
-3.08 -10.1991
-3.07 -10.1725
-3.06 -10.1457
-3.05 -10.1189
-3.04 -10.092
-3.03 -10.065
-3.02 -10.0379
-3.01 -10.0107
-3 -9.98339
-2.99 -9.95602
-2.98 -9.92855
-2.97 -9.901
-2.96 -9.87335
-2.95 -9.84562
-2.94 -9.81779
-2.93 -9.78988
-2.92 -9.76188
-2.91 -9.73379
-2.9 -9.70561
-2.89 -9.67735
-2.88 -9.64899
-2.87 -9.62055
-2.86 -9.59203
-2.85 -9.56341
-2.84 -9.53472
-2.83 -9.50593
-2.82 -9.47706
-2.81 -9.4481
-2.8 -9.41906
-2.79 -9.38994
-2.78 -9.36073
-2.77 -9.33143
-2.76 -9.30205
-2.75 -9.27259
-2.74 -9.24304
-2.73 -9.21341
-2.72 -9.1837
-2.71 -9.15391
-2.7 -9.12403
-2.69 -9.09408
-2.68 -9.06404
-2.67 -9.03391
-2.66 -9.00371
-2.65 -8.97343
-2.64 -8.94307
-2.63 -8.91262
-2.62 -8.8821
-2.61 -8.8515
-2.6 -8.82082
-2.59 -8.79005
-2.58 -8.75921
-2.57 -8.7283
-2.56 -8.6973
-2.55 -8.66623
-2.54 -8.63507
-2.53 -8.60384
-2.52 -8.57254
-2.51 -8.54116
-2.5 -8.5097
-2.49 -8.47816
-2.48 -8.44655
-2.47 -8.41486
-2.46 -8.3831
-2.45 -8.35127
-2.44 -8.31935
-2.43 -8.28737
-2.42 -8.25531
-2.41 -8.22317
-2.4 -8.19097
-2.39 -8.15869
-2.38 -8.12633
-2.37 -8.09391
-2.36 -8.06141
-2.35 -8.02884
-2.34 -7.9962
-2.33 -7.96348
-2.32 -7.9307
-2.31 -7.89784
-2.3 -7.86492
-2.29 -7.83192
-2.28 -7.79885
-2.27 -7.76572
-2.26 -7.73251
-2.25 -7.69923
-2.24 -7.66589
-2.23 -7.63248
-2.22 -7.599
-2.21 -7.56545
-2.2 -7.53183
-2.19 -7.49815
-2.18 -7.46439
-2.17 -7.43058
-2.16 -7.39669
-2.15 -7.36274
-2.14 -7.32872
-2.13 -7.29464
-2.12 -7.26049
-2.11 -7.22628
-2.1 -7.192
-2.09 -7.15766
-2.08 -7.12325
-2.07 -7.08878
-2.06 -7.05425
-2.05 -7.01965
-2.04 -6.98499
-2.03 -6.95026
-2.02 -6.91548
-2.01 -6.88063
-2 -6.84572
-1.99 -6.81074
-1.98 -6.77571
-1.97 -6.74062
-1.96 -6.70546
-1.95 -6.67024
-1.94 -6.63497
-1.93 -6.59963
-1.92 -6.56424
-1.91 -6.52878
-1.9 -6.49327
-1.89 -6.45769
-1.88 -6.42206
-1.87 -6.38637
-1.86 -6.35063
-1.85 -6.31482
-1.84 -6.27896
-1.83 -6.24304
-1.82 -6.20706
-1.81 -6.17103
-1.8 -6.13494
-1.79 -6.0988
-1.78 -6.06259
-1.77 -6.02634
-1.76 -5.99003
-1.75 -5.95366
-1.74 -5.91724
-1.73 -5.88077
-1.72 -5.84424
-1.71 -5.80766
-1.7 -5.77102
-1.69 -5.73434
-1.68 -5.6976
-1.67 -5.6608
-1.66 -5.62396
-1.65 -5.58706
-1.64 -5.55011
-1.63 -5.51311
-1.62 -5.47606
-1.61 -5.43896
-1.6 -5.40181
-1.59 -5.36461
-1.58 -5.32736
-1.57 -5.29006
-1.56 -5.25271
-1.55 -5.21531
-1.54 -5.17786
-1.53 -5.14036
-1.52 -5.10282
-1.51 -5.06523
-1.5 -5.02759
-1.49 -4.9899
-1.48 -4.95217
-1.47 -4.91439
-1.46 -4.87656
-1.45 -4.83869
-1.44 -4.80077
-1.43 -4.76281
-1.42 -4.7248
-1.41 -4.68674
-1.4 -4.64864
-1.39 -4.6105
-1.38 -4.57231
-1.37 -4.53408
-1.36 -4.49581
-1.35 -4.45749
-1.34 -4.41913
-1.33 -4.38073
-1.32 -4.34228
-1.31 -4.3038
-1.3 -4.26527
-1.29 -4.2267
-1.28 -4.18809
-1.27 -4.14943
-1.26 -4.11074
-1.25 -4.07201
-1.24 -4.03324
-1.23 -3.99442
-1.22 -3.95557
-1.21 -3.91668
-1.2 -3.87775
-1.19 -3.83878
-1.18 -3.79977
-1.17 -3.76073
-1.16 -3.72165
-1.15 -3.68253
-1.14 -3.64337
-1.13 -3.60418
-1.12 -3.56495
-1.11 -3.52568
-1.1 -3.48638
-1.09 -3.44704
-1.08 -3.40767
-1.07 -3.36826
-1.06 -3.32881
-1.05 -3.28934
-1.04 -3.24982
-1.03 -3.21028
-1.02 -3.1707
-1.01 -3.13109
-1 -3.09144
-0.99 -3.05176
-0.98 -3.01205
-0.97 -2.97231
-0.96 -2.93253
-0.95 -2.89273
-0.94 -2.85289
-0.93 -2.81302
-0.92 -2.77312
-0.91 -2.73319
-0.9 -2.69323
-0.89 -2.65324
-0.88 -2.61322
-0.87 -2.57317
-0.86 -2.53309
-0.85 -2.49298
-0.84 -2.45285
-0.83 -2.41269
-0.82 -2.3725
-0.81 -2.33228
-0.8 -2.29203
-0.79 -2.25176
-0.78 -2.21146
-0.77 -2.17113
-0.76 -2.13078
-0.75 -2.0904
-0.74 -2.05
-0.73 -2.00957
-0.72 -1.96912
-0.71 -1.92864
-0.7 -1.88814
-0.69 -1.84761
-0.68 -1.80706
-0.67 -1.76648
-0.66 -1.72589
-0.65 -1.68527
-0.64 -1.64462
-0.63 -1.60396
-0.62 -1.56327
-0.61 -1.52256
-0.6 -1.48183
-0.59 -1.44108
-0.58 -1.40031
-0.57 -1.35951
-0.56 -1.3187
-0.55 -1.27787
-0.54 -1.23701
-0.53 -1.19614
-0.52 -1.15525
-0.51 -1.11434
-0.5 -1.07341
-0.49 -1.03246
-0.48 -0.991495
-0.47 -0.950511
-0.46 -0.90951
-0.45 -0.868492
-0.44 -0.827457
-0.43 -0.786406
-0.42 -0.745338
-0.41 -0.704254
-0.4 -0.663155
-0.39 -0.62204
-0.38 -0.58091
-0.37 -0.539765
-0.36 -0.498606
-0.35 -0.457432
-0.34 -0.416245
-0.33 -0.375044
-0.32 -0.333829
-0.31 -0.292601
-0.3 -0.251361
-0.29 -0.210108
-0.28 -0.168842
-0.27 -0.127565
-0.26 -0.0862761
-0.25 -0.0449759
-0.24 -0.00366456
-0.23 0.0376576
-0.22 0.0789902
-0.21 0.120333
-0.2 0.161686
-0.19 0.203048
-0.18 0.24442
-0.17 0.285801
-0.16 0.32719
-0.15 0.368588
-0.14 0.409994
-0.13 0.451408
-0.12 0.49283
-0.11 0.534259
-0.1 0.575695
-0.09 0.617138
-0.08 0.658587
-0.07 0.700042
-0.06 0.741504
-0.05 0.78297
-0.04 0.824443
-0.03 0.86592
-0.02 0.907402
-0.01 0.948888
-6.23078e-14 0.990378
0.01 1.03187
0.02 1.07337
0.03 1.11487
0.04 1.15638
0.05 1.19788
0.06 1.23939
0.07 1.2809
0.08 1.32242
0.09 1.36393
0.1 1.40545
0.11 1.44696
0.12 1.48848
0.13 1.53
0.14 1.57152
0.15 1.61303
0.16 1.65455
0.17 1.69607
0.18 1.73758
0.19 1.7791
0.2 1.82061
0.21 1.86212
0.22 1.90363
0.23 1.94513
0.24 1.98664
0.25 2.02814
0.26 2.06963
0.27 2.11113
0.28 2.15262
0.29 2.1941
0.3 2.23558
0.31 2.27706
0.32 2.31853
0.33 2.35999
0.34 2.40145
0.35 2.4429
0.36 2.48435
0.37 2.52579
0.38 2.56722
0.39 2.60865
0.4 2.65007
0.41 2.69148
0.42 2.73288
0.43 2.77428
0.44 2.81567
0.45 2.85704
0.46 2.89841
0.47 2.93977
0.48 2.98112
0.49 3.02246
0.5 3.06379
0.51 3.1051
0.52 3.14641
0.53 3.18771
0.54 3.22899
0.55 3.27027
0.56 3.31153
0.57 3.35277
0.58 3.39401
0.59 3.43523
0.6 3.47644
0.61 3.51764
0.62 3.55882
0.63 3.59999
0.64 3.64114
0.65 3.68228
0.66 3.72341
0.67 3.76452
0.68 3.80561
0.69 3.84669
0.7 3.88775
0.71 3.9288
0.72 3.96982
0.73 4.01084
0.74 4.05183
0.75 4.09281
0.76 4.13377
0.77 4.17471
0.78 4.21563
0.79 4.25653
0.8 4.29742
0.81 4.33828
0.82 4.37913
0.83 4.41996
0.84 4.46076
0.85 4.50155
0.86 4.54231
0.87 4.58306
0.88 4.62378
0.89 4.66448
0.9 4.70516
0.91 4.74582
0.92 4.78645
0.93 4.82706
0.94 4.86765
0.95 4.90822
0.96 4.94876
0.97 4.98928
0.98 5.02977
0.99 5.07024
1 5.11068
1.01 5.1511
1.02 5.1915
1.03 5.23187
1.04 5.27221
1.05 5.31253
1.06 5.35281
1.07 5.39308
1.08 5.43331
1.09 5.47352
1.1 5.5137
1.11 5.55386
1.12 5.59398
1.13 5.63408
1.14 5.67414
1.15 5.71418
1.16 5.75419
1.17 5.79417
1.18 5.83412
1.19 5.87404
1.2 5.91393
1.21 5.95378
1.22 5.99361
1.23 6.03341
1.24 6.07317
1.25 6.1129
1.26 6.1526
1.27 6.19227
1.28 6.2319
1.29 6.2715
1.3 6.31107
1.31 6.3506
1.32 6.3901
1.33 6.42957
1.34 6.469
1.35 6.50839
1.36 6.54775
1.37 6.58708
1.38 6.62637
1.39 6.66562
1.4 6.70483
1.41 6.74402
1.42 6.78316
1.43 6.82226
1.44 6.86133
1.45 6.90036
1.46 6.93936
1.47 6.97831
1.48 7.01723
1.49 7.0561
1.5 7.09494
1.51 7.13374
1.52 7.1725
1.53 7.21121
1.54 7.24989
1.55 7.28853
1.56 7.32713
1.57 7.36568
1.58 7.40419
1.59 7.44267
1.6 7.48109
1.61 7.51948
1.62 7.55783
1.63 7.59613
1.64 7.63439
1.65 7.6726
1.66 7.71077
1.67 7.7489
1.68 7.78698
1.69 7.82502
1.7 7.86301
1.71 7.90096
1.72 7.93886
1.73 7.97671
1.74 8.01452
1.75 8.05229
1.76 8.09
1.77 8.12767
1.78 8.16529
1.79 8.20287
1.8 8.24039
1.81 8.27787
1.82 8.3153
1.83 8.35268
1.84 8.39002
1.85 8.4273
1.86 8.46453
1.87 8.50172
1.88 8.53885
1.89 8.57593
1.9 8.61296
1.91 8.64994
1.92 8.68687
1.93 8.72375
1.94 8.76058
1.95 8.79735
1.96 8.83407
1.97 8.87074
1.98 8.90735
1.99 8.94391
2 8.98042
2.01 9.01688
2.02 9.05328
2.03 9.08962
2.04 9.12591
2.05 9.16215
2.06 9.19833
2.07 9.23445
2.08 9.27052
2.09 9.30653
2.1 9.34249
2.11 9.37838
2.12 9.41423
2.13 9.45001
2.14 9.48574
2.15 9.5214
2.16 9.55701
2.17 9.59257
2.18 9.62806
2.19 9.66349
2.2 9.69886
2.21 9.73418
2.22 9.76943
2.23 9.80463
2.24 9.83976
2.25 9.87483
2.26 9.90984
2.27 9.94479
2.28 9.97968
2.29 10.0145
2.3 10.0493
2.31 10.084
2.32 10.1186
2.33 10.1532
2.34 10.1877
2.35 10.2221
2.36 10.2565
2.37 10.2908
2.38 10.3251
2.39 10.3593
2.4 10.3934
2.41 10.4275
2.42 10.4615
2.43 10.4954
2.44 10.5292
2.45 10.563
2.46 10.5968
2.47 10.6304
2.48 10.664
2.49 10.6975
2.5 10.731
2.51 10.7644
2.52 10.7977
2.53 10.831
2.54 10.8641
2.55 10.8972
2.56 10.9303
2.57 10.9633
2.58 10.9962
2.59 11.029
2.6 11.0617
2.61 11.0944
2.62 11.127
2.63 11.1596
2.64 11.1921
2.65 11.2245
2.66 11.2568
2.67 11.289
2.68 11.3212
2.69 11.3533
2.7 11.3854
2.71 11.4173
2.72 11.4492
2.73 11.481
2.74 11.5127
2.75 11.5444
2.76 11.576
2.77 11.6075
2.78 11.6389
2.79 11.6703
2.8 11.7016
2.81 11.7328
2.82 11.7639
2.83 11.7949
2.84 11.8259
2.85 11.8568
2.86 11.8876
2.87 11.9183
2.88 11.949
2.89 11.9796
2.9 12.01
2.91 12.0405
2.92 12.0708
2.93 12.101
2.94 12.1312
2.95 12.1613
2.96 12.1913
2.97 12.2212
2.98 12.2511
2.99 12.2809
3 12.3105
3.01 12.3401
3.02 12.3696
3.03 12.3991
3.04 12.4284
3.05 12.4577
3.06 12.4869
3.07 12.516
3.08 12.545
3.09 12.5739
3.1 12.6027
3.11 12.6315
3.12 12.6602
3.13 12.6887
3.14 12.7172
3.15 12.7456
3.16 12.774
3.17 12.8022
3.18 12.8303
3.19 12.8584
3.2 12.8864
3.21 12.9142
3.22 12.942
3.23 12.9697
3.24 12.9974
3.25 13.0249
3.26 13.0523
3.27 13.0796
3.28 13.1069
3.29 13.1341
3.3 13.1611
3.31 13.1881
3.32 13.215
3.33 13.2418
3.34 13.2685
3.35 13.2951
3.36 13.3216
3.37 13.348
3.38 13.3744
3.39 13.4006
3.4 13.4267
3.41 13.4528
3.42 13.4787
3.43 13.5046
3.44 13.5304
3.45 13.556
3.46 13.5816
3.47 13.6071
3.48 13.6324
3.49 13.6577
3.5 13.6829
3.51 13.708
3.52 13.733
3.53 13.7579
3.54 13.7827
3.55 13.8074
3.56 13.832
3.57 13.8564
3.58 13.8808
3.59 13.9051
3.6 13.9293
3.61 13.9534
3.62 13.9774
3.63 14.0013
3.64 14.0251
3.65 14.0488
3.66 14.0724
3.67 14.0959
3.68 14.1193
3.69 14.1426
3.7 14.1658
3.71 14.1888
3.72 14.2118
3.73 14.2347
3.74 14.2574
3.75 14.2801
3.76 14.3027
3.77 14.3251
3.78 14.3475
3.79 14.3697
3.8 14.3919
3.81 14.4139
3.82 14.4358
3.83 14.4576
3.84 14.4793
3.85 14.5009
3.86 14.5224
3.87 14.5438
3.88 14.5651
3.89 14.5863
3.9 14.6074
3.91 14.6283
3.92 14.6492
3.93 14.6699
3.94 14.6905
3.95 14.711
3.96 14.7314
3.97 14.7517
3.98 14.7719
3.99 14.792
4 14.812
4.01 14.8318
4.02 14.8516
4.03 14.8712
4.04 14.8907
4.05 14.9101
4.06 14.9294
4.07 14.9486
4.08 14.9676
4.09 14.9866
4.1 15.0054
4.11 15.0241
4.12 15.0427
4.13 15.0612
4.14 15.0796
4.15 15.0978
4.16 15.116
4.17 15.134
4.18 15.1519
4.19 15.1697
4.2 15.1874
4.21 15.2049
4.22 15.2224
4.23 15.2397
4.24 15.2569
4.25 15.274
4.26 15.2909
4.27 15.3078
4.28 15.3245
4.29 15.3411
4.3 15.3576
4.31 15.374
4.32 15.3902
4.33 15.4063
4.34 15.4223
4.35 15.4382
4.36 15.454
4.37 15.4696
4.38 15.4851
4.39 15.5005
4.4 15.5158
4.41 15.5309
4.42 15.5459
4.43 15.5608
4.44 15.5756
4.45 15.5902
4.46 15.6048
4.47 15.6192
4.48 15.6334
4.49 15.6476
4.5 15.6616
4.51 15.6755
4.52 15.6893
4.53 15.7029
4.54 15.7164
4.55 15.7298
4.56 15.7431
4.57 15.7562
4.58 15.7692
4.59 15.7821
4.6 15.7948
4.61 15.8074
4.62 15.8199
4.63 15.8323
4.64 15.8445
4.65 15.8566
4.66 15.8686
4.67 15.8804
4.68 15.8921
4.69 15.9037
4.7 15.9151
4.71 15.9264
4.72 15.9376
4.73 15.9487
4.74 15.9596
4.75 15.9703
4.76 15.981
4.77 15.9915
4.78 16.0019
4.79 16.0121
4.8 16.0222
4.81 16.0322
4.82 16.042
4.83 16.0517
4.84 16.0613
4.85 16.0707
4.86 16.08
4.87 16.0892
4.88 16.0982
4.89 16.1071
4.9 16.1158
4.91 16.1244
4.92 16.1329
4.93 16.1412
4.94 16.1494
4.95 16.1575
4.96 16.1654
4.97 16.1732
4.98 16.1808
4.99 16.1883
5 16.1957
