-2 2.40882
-1.99 2.39503
-1.98 2.38132
-1.97 2.36767
-1.96 2.35408
-1.95 2.34057
-1.94 2.32713
-1.93 2.31376
-1.92 2.30045
-1.91 2.28722
-1.9 2.27405
-1.89 2.26095
-1.88 2.24793
-1.87 2.23497
-1.86 2.22208
-1.85 2.20926
-1.84 2.19651
-1.83 2.18382
-1.82 2.17121
-1.81 2.15867
-1.8 2.14619
-1.79 2.13379
-1.78 2.12145
-1.77 2.10918
-1.76 2.09698
-1.75 2.08485
-1.74 2.07279
-1.73 2.0608
-1.72 2.04888
-1.71 2.03703
-1.7 2.02524
-1.69 2.01353
-1.68 2.00188
-1.67 1.99031
-1.66 1.9788
-1.65 1.96736
-1.64 1.95599
-1.63 1.94469
-1.62 1.93346
-1.61 1.9223
-1.6 1.91121
-1.59 1.90018
-1.58 1.88923
-1.57 1.87834
-1.56 1.86753
-1.55 1.85678
-1.54 1.8461
-1.53 1.83549
-1.52 1.82495
-1.51 1.81448
-1.5 1.80408
-1.49 1.79375
-1.48 1.78348
-1.47 1.77329
-1.46 1.76316
-1.45 1.75311
-1.44 1.74312
-1.43 1.7332
-1.42 1.72335
-1.41 1.71358
-1.4 1.70386
-1.39 1.69422
-1.38 1.68465
-1.37 1.67515
-1.36 1.66571
-1.35 1.65635
-1.34 1.64705
-1.33 1.63783
-1.32 1.62867
-1.31 1.61958
-1.3 1.61056
-1.29 1.60161
-1.28 1.59273
-1.27 1.58392
-1.26 1.57518
-1.25 1.5665
-1.24 1.5579
-1.23 1.54936
-1.22 1.5409
-1.21 1.5325
-1.2 1.52417
-1.19 1.51591
-1.18 1.50772
-1.17 1.4996
-1.16 1.49155
-1.15 1.48357
-1.14 1.47565
-1.13 1.46781
-1.12 1.46003
-1.11 1.45233
-1.1 1.44469
-1.09 1.43712
-1.08 1.42962
-1.07 1.42219
-1.06 1.41483
-1.05 1.40754
-1.04 1.40032
-1.03 1.39316
-1.02 1.38608
-1.01 1.37907
-1 1.37212
-0.99 1.36524
-0.98 1.35844
-0.97 1.3517
-0.96 1.34503
-0.95 1.33843
-0.94 1.3319
-0.93 1.32543
-0.92 1.31904
-0.91 1.31272
-0.9 1.30646
-0.89 1.30028
-0.88 1.29416
-0.87 1.28811
-0.86 1.28213
-0.85 1.27622
-0.84 1.27038
-0.83 1.26461
-0.82 1.25891
-0.81 1.25328
-0.8 1.24772
-0.79 1.24222
-0.78 1.2368
-0.77 1.23144
-0.76 1.22615
-0.75 1.22093
-0.74 1.21579
-0.73 1.21071
-0.72 1.20569
-0.71 1.20075
-0.7 1.19588
-0.69 1.19108
-0.68 1.18634
-0.67 1.18168
-0.66 1.17708
-0.65 1.17255
-0.64 1.1681
-0.63 1.16371
-0.62 1.15939
-0.61 1.15514
-0.6 1.15096
-0.59 1.14684
-0.58 1.1428
-0.57 1.13883
-0.56 1.13492
-0.55 1.13109
-0.54 1.12732
-0.53 1.12362
-0.52 1.11999
-0.51 1.11643
-0.5 1.11294
-0.49 1.10952
-0.48 1.10617
-0.47 1.10289
-0.46 1.09967
-0.45 1.09653
-0.44 1.09345
-0.43 1.09045
-0.42 1.08751
-0.41 1.08464
-0.4 1.08184
-0.39 1.07911
-0.38 1.07645
-0.37 1.07386
-0.36 1.07134
-0.35 1.06888
-0.34 1.0665
-0.33 1.06418
-0.32 1.06194
-0.31 1.05976
-0.3 1.05765
-0.29 1.05561
-0.28 1.05364
-0.27 1.05174
-0.26 1.04991
-0.25 1.04815
-0.24 1.04646
-0.23 1.04483
-0.22 1.04328
-0.21 1.04179
-0.2 1.04037
-0.19 1.03903
-0.18 1.03775
-0.17 1.03654
-0.16 1.0354
-0.15 1.03433
-0.14 1.03333
-0.13 1.03239
-0.12 1.03153
-0.11 1.03073
-0.1 1.03001
-0.09 1.02935
-0.08 1.02876
-0.07 1.02825
-0.06 1.0278
-0.05 1.02742
-0.04 1.02711
-0.03 1.02686
-0.02 1.02669
-0.01 1.02659
1.64105e-15 1.02655
0.01 1.02659
0.02 1.02669
0.03 1.02686
0.04 1.02711
0.05 1.02742
0.06 1.0278
0.07 1.02825
0.08 1.02876
0.09 1.02935
0.1 1.03001
0.11 1.03073
0.12 1.03153
0.13 1.03239
0.14 1.03333
0.15 1.03433
0.16 1.0354
0.17 1.03654
0.18 1.03775
0.19 1.03903
0.2 1.04037
0.21 1.04179
0.22 1.04328
0.23 1.04483
0.24 1.04646
0.25 1.04815
0.26 1.04991
0.27 1.05174
0.28 1.05364
0.29 1.05561
0.3 1.05765
0.31 1.05976
0.32 1.06194
0.33 1.06418
0.34 1.0665
0.35 1.06888
0.36 1.07134
0.37 1.07386
0.38 1.07645
0.39 1.07911
0.4 1.08184
0.41 1.08464
0.42 1.08751
0.43 1.09045
0.44 1.09345
0.45 1.09653
0.46 1.09967
0.47 1.10289
0.48 1.10617
0.49 1.10952
0.5 1.11294
0.51 1.11643
0.52 1.11999
0.53 1.12362
0.54 1.12732
0.55 1.13109
0.56 1.13492
0.57 1.13883
0.58 1.1428
0.59 1.14684
0.6 1.15096
0.61 1.15514
0.62 1.15939
0.63 1.16371
0.64 1.1681
0.65 1.17255
0.66 1.17708
0.67 1.18168
0.68 1.18634
0.69 1.19108
0.7 1.19588
0.71 1.20075
0.72 1.20569
0.73 1.21071
0.74 1.21579
0.75 1.22093
0.76 1.22615
0.77 1.23144
0.78 1.2368
0.79 1.24222
0.8 1.24772
0.81 1.25328
0.82 1.25891
0.83 1.26461
0.84 1.27038
0.85 1.27622
0.86 1.28213
0.87 1.28811
0.88 1.29416
0.89 1.30028
0.9 1.30646
0.91 1.31272
0.92 1.31904
0.93 1.32543
0.94 1.3319
0.95 1.33843
0.96 1.34503
0.97 1.3517
0.98 1.35844
0.99 1.36524
1 1.37212
1.01 1.37907
1.02 1.38608
1.03 1.39316
1.04 1.40032
1.05 1.40754
1.06 1.41483
1.07 1.42219
1.08 1.42962
1.09 1.43712
1.1 1.44469
1.11 1.45233
1.12 1.46003
1.13 1.46781
1.14 1.47565
1.15 1.48357
1.16 1.49155
1.17 1.4996
1.18 1.50772
1.19 1.51591
1.2 1.52417
1.21 1.5325
1.22 1.5409
1.23 1.54936
1.24 1.5579
1.25 1.5665
1.26 1.57518
1.27 1.58392
1.28 1.59273
1.29 1.60161
1.3 1.61056
1.31 1.61958
1.32 1.62867
1.33 1.63783
1.34 1.64705
1.35 1.65635
1.36 1.66571
1.37 1.67515
1.38 1.68465
1.39 1.69422
1.4 1.70386
1.41 1.71358
1.42 1.72335
1.43 1.7332
1.44 1.74312
1.45 1.75311
1.46 1.76316
1.47 1.77329
1.48 1.78348
1.49 1.79375
1.5 1.80408
1.51 1.81448
1.52 1.82495
1.53 1.83549
1.54 1.8461
1.55 1.85678
1.56 1.86753
1.57 1.87834
1.58 1.88923
1.59 1.90018
1.6 1.91121
1.61 1.9223
1.62 1.93346
1.63 1.94469
1.64 1.95599
1.65 1.96736
1.66 1.9788
1.67 1.99031
1.68 2.00188
1.69 2.01353
1.7 2.02524
1.71 2.03703
1.72 2.04888
1.73 2.0608
1.74 2.07279
1.75 2.08485
1.76 2.09698
1.77 2.10918
1.78 2.12145
1.79 2.13379
1.8 2.14619
1.81 2.15867
1.82 2.17121
1.83 2.18382
1.84 2.19651
1.85 2.20926
1.86 2.22208
1.87 2.23497
1.88 2.24793
1.89 2.26095
1.9 2.27405
1.91 2.28722
1.92 2.30045
1.93 2.31376
1.94 2.32713
1.95 2.34057
1.96 2.35408
1.97 2.36767
1.98 2.38132
1.99 2.39503
