-5 -0.91113
-4.99 -0.902706
-4.98 -0.893921
-4.97 -0.884778
-4.96 -0.875282
-4.95 -0.865435
-4.94 -0.855242
-4.93 -0.844707
-4.92 -0.833835
-4.91 -0.822628
-4.9 -0.811093
-4.89 -0.799233
-4.88 -0.787054
-4.87 -0.77456
-4.86 -0.761755
-4.85 -0.748647
-4.84 -0.735238
-4.83 -0.721536
-4.82 -0.707545
-4.81 -0.693271
-4.8 -0.67872
-4.79 -0.663897
-4.78 -0.648809
-4.77 -0.633461
-4.76 -0.61786
-4.75 -0.602012
-4.74 -0.585923
-4.73 -0.569599
-4.72 -0.553048
-4.71 -0.536276
-4.7 -0.519289
-4.69 -0.502094
-4.68 -0.484698
-4.67 -0.467109
-4.66 -0.449333
-4.65 -0.431377
-4.64 -0.413248
-4.63 -0.394955
-4.62 -0.376503
-4.61 -0.3579
-4.6 -0.339155
-4.59 -0.320274
-4.58 -0.301264
-4.57 -0.282135
-4.56 -0.262892
-4.55 -0.243544
-4.54 -0.224099
-4.53 -0.204564
-4.52 -0.184947
-4.51 -0.165257
-4.5 -0.1455
-4.49 -0.125685
-4.48 -0.10582
-4.47 -0.0859123
-4.46 -0.0659704
-4.45 -0.0460021
-4.44 -0.0260154
-4.43 -0.00601833
-4.42 0.0139812
-4.41 0.0339751
-4.4 0.0539554
-4.39 0.0739142
-4.38 0.0938433
-4.37 0.113735
-4.36 0.133581
-4.35 0.153374
-4.34 0.173105
-4.33 0.192767
-4.32 0.212352
-4.31 0.231852
-4.3 0.25126
-4.29 0.270567
-4.28 0.289765
-4.27 0.308848
-4.26 0.327807
-4.25 0.346635
-4.24 0.365325
-4.23 0.383868
-4.22 0.402258
-4.21 0.420487
-4.2 0.438547
-4.19 0.456433
-4.18 0.474135
-4.17 0.491648
-4.16 0.508965
-4.15 0.526078
-4.14 0.54298
-4.13 0.559665
-4.12 0.576126
-4.11 0.592357
-4.1 0.608351
-4.09 0.624102
-4.08 0.639603
-4.07 0.654848
-4.06 0.669831
-4.05 0.684547
-4.04 0.698988
-4.03 0.71315
-4.02 0.727027
-4.01 0.740613
-4 0.753902
-3.99 0.76689
-3.98 0.779572
-3.97 0.791941
-3.96 0.803994
-3.95 0.815725
-3.94 0.82713
-3.93 0.838204
-3.92 0.848943
-3.91 0.859342
-3.9 0.869397
-3.89 0.879105
-3.88 0.888461
-3.87 0.897462
-3.86 0.906104
-3.85 0.914383
-3.84 0.922297
-3.83 0.929841
-3.82 0.937014
-3.81 0.943812
-3.8 0.950233
-3.79 0.956273
-3.78 0.961931
-3.77 0.967204
-3.76 0.97209
-3.75 0.976588
-3.74 0.980694
-3.73 0.984409
-3.72 0.98773
-3.71 0.990655
-3.7 0.993185
-3.69 0.995317
-3.68 0.997051
-3.67 0.998386
-3.66 0.999322
-3.65 0.999859
-3.64 0.999995
-3.63 0.999731
-3.62 0.999068
-3.61 0.998004
-3.6 0.996542
-3.59 0.994681
-3.58 0.992422
-3.57 0.989766
-3.56 0.986715
-3.55 0.983268
-3.54 0.979429
-3.53 0.975197
-3.52 0.970576
-3.51 0.965566
-3.5 0.96017
-3.49 0.95439
-3.48 0.948229
-3.47 0.941688
-3.46 0.93477
-3.45 0.927478
-3.44 0.919816
-3.43 0.911785
-3.42 0.90339
-3.41 0.894634
-3.4 0.88552
-3.39 0.876051
-3.38 0.866232
-3.37 0.856067
-3.36 0.845559
-3.35 0.834713
-3.34 0.823533
-3.33 0.812024
-3.32 0.800189
-3.31 0.788035
-3.3 0.775566
-3.29 0.762786
-3.28 0.749702
-3.27 0.736317
-3.26 0.722638
-3.25 0.70867
-3.24 0.694418
-3.23 0.679889
-3.22 0.665088
-3.21 0.65002
-3.2 0.634693
-3.19 0.619112
-3.18 0.603283
-3.17 0.587213
-3.16 0.570908
-3.15 0.554374
-3.14 0.537619
-3.13 0.520649
-3.12 0.503471
-3.11 0.486091
-3.1 0.468517
-3.09 0.450755
-3.08 0.432813
-3.07 0.414698
-3.06 0.396417
-3.05 0.377978
-3.04 0.359387
-3.03 0.340653
-3.02 0.321782
-3.01 0.302783
-3 0.283662
-2.99 0.264428
-2.98 0.245089
-2.97 0.225651
-2.96 0.206123
-2.95 0.186512
-2.94 0.166827
-2.93 0.147076
-2.92 0.127265
-2.91 0.107403
-2.9 0.087499
-2.89 0.0675595
-2.88 0.047593
-2.87 0.0276075
-2.86 0.00761095
-2.85 -0.0123887
-2.84 -0.0323833
-2.83 -0.052365
-2.82 -0.0723258
-2.81 -0.0922576
-2.8 -0.112153
-2.79 -0.132003
-2.78 -0.1518
-2.77 -0.171536
-2.76 -0.191204
-2.75 -0.210796
-2.74 -0.230303
-2.73 -0.249718
-2.72 -0.269033
-2.71 -0.288241
-2.7 -0.307333
-2.69 -0.326302
-2.68 -0.345141
-2.67 -0.363842
-2.66 -0.382397
-2.65 -0.400799
-2.64 -0.419041
-2.63 -0.437115
-2.62 -0.455015
-2.61 -0.472732
-2.6 -0.490261
-2.59 -0.507593
-2.58 -0.524722
-2.57 -0.541642
-2.56 -0.558345
-2.55 -0.574824
-2.54 -0.591073
-2.53 -0.607087
-2.52 -0.622857
-2.51 -0.638378
-2.5 -0.653644
-2.49 -0.668648
-2.48 -0.683385
-2.47 -0.697848
-2.46 -0.712033
-2.45 -0.725932
-2.44 -0.739542
-2.43 -0.752855
-2.42 -0.765867
-2.41 -0.778573
-2.4 -0.790968
-2.39 -0.803046
-2.38 -0.814803
-2.37 -0.826234
-2.36 -0.837334
-2.35 -0.8481
-2.34 -0.858526
-2.33 -0.868609
-2.32 -0.878345
-2.31 -0.887729
-2.3 -0.896758
-2.29 -0.905429
-2.28 -0.913737
-2.27 -0.92168
-2.26 -0.929254
-2.25 -0.936457
-2.24 -0.943285
-2.23 -0.949735
-2.22 -0.955806
-2.21 -0.961494
-2.2 -0.966798
-2.19 -0.971715
-2.18 -0.976244
-2.17 -0.980382
-2.16 -0.984128
-2.15 -0.98748
-2.14 -0.990437
-2.13 -0.992998
-2.12 -0.995162
-2.11 -0.996928
-2.1 -0.998295
-2.09 -0.999263
-2.08 -0.999831
-2.07 -0.999999
-2.06 -0.999767
-2.05 -0.999135
-2.04 -0.998104
-2.03 -0.996673
-2.02 -0.994844
-2.01 -0.992617
-2 -0.989992
-1.99 -0.986972
-1.98 -0.983557
-1.97 -0.979749
-1.96 -0.975549
-1.95 -0.970958
-1.94 -0.965979
-1.93 -0.960614
-1.92 -0.954865
-1.91 -0.948733
-1.9 -0.942222
-1.89 -0.935335
-1.88 -0.928073
-1.87 -0.92044
-1.86 -0.912438
-1.85 -0.904072
-1.84 -0.895344
-1.83 -0.886258
-1.82 -0.876818
-1.81 -0.867027
-1.8 -0.856889
-1.79 -0.846408
-1.78 -0.835589
-1.77 -0.824435
-1.76 -0.812952
-1.75 -0.801144
-1.74 -0.789015
-1.73 -0.77657
-1.72 -0.763815
-1.71 -0.750755
-1.7 -0.737394
-1.69 -0.723738
-1.68 -0.709793
-1.67 -0.695563
-1.66 -0.681056
-1.65 -0.666276
-1.64 -0.65123
-1.63 -0.635923
-1.62 -0.620362
-1.61 -0.604552
-1.6 -0.588501
-1.59 -0.572215
-1.58 -0.555699
-1.57 -0.538961
-1.56 -0.522008
-1.55 -0.504846
-1.54 -0.487482
-1.53 -0.469923
-1.52 -0.452176
-1.51 -0.434248
-1.5 -0.416147
-1.49 -0.397879
-1.48 -0.379452
-1.47 -0.360873
-1.46 -0.34215
-1.45 -0.32329
-1.44 -0.3043
-1.43 -0.285189
-1.42 -0.265964
-1.41 -0.246632
-1.4 -0.227202
-1.39 -0.207681
-1.38 -0.188077
-1.37 -0.168397
-1.36 -0.148651
-1.35 -0.128844
-1.34 -0.108987
-1.33 -0.0890854
-1.32 -0.0691484
-1.31 -0.0491838
-1.3 -0.0291995
-1.29 -0.00920354
-1.28 0.0107961
-1.27 0.0307915
-1.26 0.0507745
-1.25 0.0707372
-1.24 0.0906716
-1.23 0.11057
-1.22 0.130424
-1.21 0.150225
-1.2 0.169967
-1.19 0.189641
-1.18 0.209239
-1.17 0.228753
-1.16 0.248175
-1.15 0.267499
-1.14 0.286715
-1.13 0.305817
-1.12 0.324796
-1.11 0.343646
-1.1 0.362358
-1.09 0.380925
-1.08 0.39934
-1.07 0.417595
-1.06 0.435682
-1.05 0.453596
-1.04 0.471328
-1.03 0.488872
-1.02 0.50622
-1.01 0.523366
-1 0.540302
-0.99 0.557023
-0.98 0.57352
-0.97 0.589788
-0.96 0.60582
-0.95 0.62161
-0.94 0.637151
-0.93 0.652437
-0.92 0.667463
-0.91 0.682221
-0.9 0.696707
-0.89 0.710914
-0.88 0.724836
-0.87 0.738469
-0.86 0.751806
-0.85 0.764842
-0.84 0.777573
-0.83 0.789992
-0.82 0.802096
-0.81 0.813878
-0.8 0.825336
-0.79 0.836463
-0.78 0.847255
-0.77 0.857709
-0.76 0.867819
-0.75 0.877583
-0.74 0.886995
-0.73 0.896052
-0.72 0.904752
-0.71 0.913089
-0.7 0.921061
-0.69 0.928665
-0.68 0.935897
-0.67 0.942755
-0.66 0.949235
-0.65 0.955336
-0.64 0.961055
-0.63 0.96639
-0.62 0.971338
-0.61 0.975897
-0.6 0.980067
-0.59 0.983844
-0.58 0.987227
-0.57 0.990216
-0.56 0.992809
-0.55 0.995004
-0.54 0.996802
-0.53 0.998201
-0.52 0.9992
-0.51 0.9998
-0.5 1
-0.49 0.9998
-0.48 0.9992
-0.47 0.998201
-0.46 0.996802
-0.45 0.995004
-0.44 0.992809
-0.43 0.990216
-0.42 0.987227
-0.41 0.983844
-0.4 0.980067
-0.39 0.975897
-0.38 0.971338
-0.37 0.96639
-0.36 0.961055
-0.35 0.955336
-0.34 0.949235
-0.33 0.942755
-0.32 0.935897
-0.31 0.928665
-0.3 0.921061
-0.29 0.913089
-0.28 0.904752
-0.27 0.896052
-0.26 0.886995
-0.25 0.877583
-0.24 0.867819
-0.23 0.857709
-0.22 0.847255
-0.21 0.836463
-0.2 0.825336
-0.19 0.813878
-0.18 0.802096
-0.17 0.789992
-0.16 0.777573
-0.15 0.764842
-0.14 0.751806
-0.13 0.738469
-0.12 0.724836
-0.11 0.710914
-0.1 0.696707
-0.09 0.682221
-0.08 0.667463
-0.07 0.652437
-0.06 0.637151
-0.05 0.62161
-0.04 0.60582
-0.03 0.589788
-0.02 0.57352
-0.01 0.557023
-6.23078e-14 0.540302
0.01 0.523366
0.02 0.50622
0.03 0.488872
0.04 0.471328
0.05 0.453596
0.06 0.435682
0.07 0.417595
0.08 0.39934
0.09 0.380925
0.1 0.362358
0.11 0.343646
0.12 0.324796
0.13 0.305817
0.14 0.286715
0.15 0.267499
0.16 0.248175
0.17 0.228753
0.18 0.209239
0.19 0.189641
0.2 0.169967
0.21 0.150225
0.22 0.130424
0.23 0.11057
0.24 0.0906716
0.25 0.0707372
0.26 0.0507745
0.27 0.0307915
0.28 0.0107961
0.29 -0.00920354
0.3 -0.0291995
0.31 -0.0491838
0.32 -0.0691484
0.33 -0.0890854
0.34 -0.108987
0.35 -0.128844
0.36 -0.148651
0.37 -0.168397
0.38 -0.188077
0.39 -0.207681
0.4 -0.227202
0.41 -0.246632
0.42 -0.265964
0.43 -0.285189
0.44 -0.3043
0.45 -0.32329
0.46 -0.34215
0.47 -0.360873
0.48 -0.379452
0.49 -0.397879
0.5 -0.416147
0.51 -0.434248
0.52 -0.452176
0.53 -0.469923
0.54 -0.487482
0.55 -0.504846
0.56 -0.522008
0.57 -0.538961
0.58 -0.555699
0.59 -0.572215
0.6 -0.588501
0.61 -0.604552
0.62 -0.620362
0.63 -0.635923
0.64 -0.65123
0.65 -0.666276
0.66 -0.681056
0.67 -0.695563
0.68 -0.709793
0.69 -0.723738
0.7 -0.737394
0.71 -0.750755
0.72 -0.763815
0.73 -0.77657
0.74 -0.789015
0.75 -0.801144
0.76 -0.812952
0.77 -0.824435
0.78 -0.835589
0.79 -0.846408
0.8 -0.856889
0.81 -0.867027
0.82 -0.876818
0.83 -0.886258
0.84 -0.895344
0.85 -0.904072
0.86 -0.912438
0.87 -0.92044
0.88 -0.928073
0.89 -0.935335
0.9 -0.942222
0.91 -0.948733
0.92 -0.954865
0.93 -0.960614
0.94 -0.965979
0.95 -0.970958
0.96 -0.975549
0.97 -0.979749
0.98 -0.983557
0.99 -0.986972
1 -0.989992
1.01 -0.992617
1.02 -0.994844
1.03 -0.996673
1.04 -0.998104
1.05 -0.999135
1.06 -0.999767
1.07 -0.999999
1.08 -0.999831
1.09 -0.999263
1.1 -0.998295
1.11 -0.996928
1.12 -0.995162
1.13 -0.992998
1.14 -0.990437
1.15 -0.98748
1.16 -0.984128
1.17 -0.980382
1.18 -0.976244
1.19 -0.971715
1.2 -0.966798
1.21 -0.961494
1.22 -0.955806
1.23 -0.949735
1.24 -0.943285
1.25 -0.936457
1.26 -0.929254
1.27 -0.92168
1.28 -0.913737
1.29 -0.905429
1.3 -0.896758
1.31 -0.887729
1.32 -0.878345
1.33 -0.868609
1.34 -0.858526
1.35 -0.8481
1.36 -0.837334
1.37 -0.826234
1.38 -0.814803
1.39 -0.803046
1.4 -0.790968
1.41 -0.778573
1.42 -0.765867
1.43 -0.752855
1.44 -0.739542
1.45 -0.725932
1.46 -0.712033
1.47 -0.697848
1.48 -0.683385
1.49 -0.668648
1.5 -0.653644
1.51 -0.638378
1.52 -0.622857
1.53 -0.607087
1.54 -0.591073
1.55 -0.574824
1.56 -0.558345
1.57 -0.541642
1.58 -0.524722
1.59 -0.507593
1.6 -0.490261
1.61 -0.472732
1.62 -0.455015
1.63 -0.437115
1.64 -0.419041
1.65 -0.400799
1.66 -0.382397
1.67 -0.363842
1.68 -0.345141
1.69 -0.326302
1.7 -0.307333
1.71 -0.288241
1.72 -0.269033
1.73 -0.249718
1.74 -0.230303
1.75 -0.210796
1.76 -0.191204
1.77 -0.171536
1.78 -0.1518
1.79 -0.132003
1.8 -0.112153
1.81 -0.0922576
1.82 -0.0723258
1.83 -0.052365
1.84 -0.0323833
1.85 -0.0123887
1.86 0.00761095
1.87 0.0276075
1.88 0.047593
1.89 0.0675595
1.9 0.087499
1.91 0.107403
1.92 0.127265
1.93 0.147076
1.94 0.166827
1.95 0.186512
1.96 0.206123
1.97 0.225651
1.98 0.245089
1.99 0.264428
2 0.283662
2.01 0.302783
2.02 0.321782
2.03 0.340653
2.04 0.359387
2.05 0.377978
2.06 0.396417
2.07 0.414698
2.08 0.432813
2.09 0.450755
2.1 0.468517
2.11 0.486091
2.12 0.503471
2.13 0.520649
2.14 0.537619
2.15 0.554374
2.16 0.570908
2.17 0.587213
2.18 0.603283
2.19 0.619112
2.2 0.634693
2.21 0.65002
2.22 0.665088
2.23 0.679889
2.24 0.694418
2.25 0.70867
2.26 0.722638
2.27 0.736317
2.28 0.749702
2.29 0.762786
2.3 0.775566
2.31 0.788035
2.32 0.800189
2.33 0.812024
2.34 0.823533
2.35 0.834713
2.36 0.845559
2.37 0.856067
2.38 0.866232
2.39 0.876051
2.4 0.88552
2.41 0.894634
2.42 0.90339
2.43 0.911785
2.44 0.919816
2.45 0.927478
2.46 0.93477
2.47 0.941688
2.48 0.948229
2.49 0.95439
2.5 0.96017
2.51 0.965566
2.52 0.970576
2.53 0.975197
2.54 0.979429
2.55 0.983268
2.56 0.986715
2.57 0.989766
2.58 0.992422
2.59 0.994681
2.6 0.996542
2.61 0.998004
2.62 0.999068
2.63 0.999731
2.64 0.999995
2.65 0.999859
2.66 0.999322
2.67 0.998386
2.68 0.997051
2.69 0.995317
2.7 0.993185
2.71 0.990655
2.72 0.98773
2.73 0.984409
2.74 0.980694
2.75 0.976588
2.76 0.97209
2.77 0.967204
2.78 0.961931
2.79 0.956273
2.8 0.950233
2.81 0.943812
2.82 0.937014
2.83 0.929841
2.84 0.922297
2.85 0.914383
2.86 0.906104
2.87 0.897462
2.88 0.888461
2.89 0.879105
2.9 0.869397
2.91 0.859342
2.92 0.848943
2.93 0.838204
2.94 0.82713
2.95 0.815725
2.96 0.803994
2.97 0.791941
2.98 0.779572
2.99 0.76689
3 0.753902
3.01 0.740613
3.02 0.727027
3.03 0.71315
3.04 0.698988
3.05 0.684547
3.06 0.669831
3.07 0.654848
3.08 0.639603
3.09 0.624102
3.1 0.608351
3.11 0.592357
3.12 0.576126
3.13 0.559665
3.14 0.54298
3.15 0.526078
3.16 0.508965
3.17 0.491648
3.18 0.474135
3.19 0.456433
3.2 0.438547
3.21 0.420487
3.22 0.402258
3.23 0.383868
3.24 0.365325
3.25 0.346635
3.26 0.327807
3.27 0.308848
3.28 0.289765
3.29 0.270567
3.3 0.25126
3.31 0.231852
3.32 0.212352
3.33 0.192767
3.34 0.173105
3.35 0.153374
3.36 0.133581
3.37 0.113735
3.38 0.0938433
3.39 0.0739142
3.4 0.0539554
3.41 0.0339751
3.42 0.0139812
3.43 -0.00601833
3.44 -0.0260154
3.45 -0.0460021
3.46 -0.0659704
3.47 -0.0859123
3.48 -0.10582
3.49 -0.125685
3.5 -0.1455
3.51 -0.165257
3.52 -0.184947
3.53 -0.204564
3.54 -0.224099
3.55 -0.243544
3.56 -0.262892
3.57 -0.282135
3.58 -0.301264
3.59 -0.320274
3.6 -0.339155
3.61 -0.3579
3.62 -0.376503
3.63 -0.394955
3.64 -0.413248
3.65 -0.431377
3.66 -0.449333
3.67 -0.467109
3.68 -0.484698
3.69 -0.502094
3.7 -0.519289
3.71 -0.536276
3.72 -0.553048
3.73 -0.569599
3.74 -0.585923
3.75 -0.602012
3.76 -0.61786
3.77 -0.633461
3.78 -0.648809
3.79 -0.663897
3.8 -0.67872
3.81 -0.693271
3.82 -0.707545
3.83 -0.721536
3.84 -0.735238
3.85 -0.748647
3.86 -0.761755
3.87 -0.77456
3.88 -0.787054
3.89 -0.799233
3.9 -0.811093
3.91 -0.822628
3.92 -0.833835
3.93 -0.844707
3.94 -0.855242
3.95 -0.865435
3.96 -0.875282
3.97 -0.884778
3.98 -0.893921
3.99 -0.902706
4 -0.91113
4.01 -0.91919
4.02 -0.926882
4.03 -0.934203
4.04 -0.941151
4.05 -0.947722
4.06 -0.953914
4.07 -0.959724
4.08 -0.965151
4.09 -0.970191
4.1 -0.974844
4.11 -0.979106
4.12 -0.982977
4.13 -0.986455
4.14 -0.989538
4.15 -0.992225
4.16 -0.994516
4.17 -0.996409
4.18 -0.997903
4.19 -0.998998
4.2 -0.999693
4.21 -0.999989
4.22 -0.999884
4.23 -0.99938
4.24 -0.998476
4.25 -0.997172
4.26 -0.99547
4.27 -0.993369
4.28 -0.990871
4.29 -0.987977
4.3 -0.984688
4.31 -0.981005
4.32 -0.976929
4.33 -0.972463
4.34 -0.967607
4.35 -0.962365
4.36 -0.956738
4.37 -0.950728
4.38 -0.944337
4.39 -0.937569
4.4 -0.930426
4.41 -0.922911
4.42 -0.915027
4.43 -0.906776
4.44 -0.898163
4.45 -0.889191
4.46 -0.879863
4.47 -0.870183
4.48 -0.860155
4.49 -0.849783
4.5 -0.839072
4.51 -0.828024
4.52 -0.816645
4.53 -0.80494
4.54 -0.792913
4.55 -0.780568
4.56 -0.767911
4.57 -0.754948
4.58 -0.741682
4.59 -0.728119
4.6 -0.714266
4.61 -0.700126
4.62 -0.685707
4.63 -0.671013
4.64 -0.656051
4.65 -0.640826
4.66 -0.625346
4.67 -0.609615
4.68 -0.59364
4.69 -0.577427
4.7 -0.560984
4.71 -0.544317
4.72 -0.527431
4.73 -0.510335
4.74 -0.493035
4.75 -0.475537
4.76 -0.457849
4.77 -0.439978
4.78 -0.421931
4.79 -0.403715
4.8 -0.385338
4.81 -0.366807
4.82 -0.348129
4.83 -0.329311
4.84 -0.310362
4.85 -0.291289
4.86 -0.2721
4.87 -0.252801
4.88 -0.233401
4.89 -0.213908
4.9 -0.19433
4.91 -0.174674
4.92 -0.154947
4.93 -0.135159
4.94 -0.115317
4.95 -0.0954289
4.96 -0.0755024
4.97 -0.0555457
4.98 -0.0355668
4.99 -0.0155737
5 0.0044257
