-5 0.742154
-4.99 0.860413
-4.98 0.944306
-4.97 0.990723
-4.96 0.998061
-4.95 0.966266
-4.94 0.896814
-4.93 0.792632
-4.92 0.657965
-4.91 0.498193
-4.9 0.319606
-4.89 0.129152
-4.88 -0.0658385
-4.87 -0.257937
-4.86 -0.439899
-4.85 -0.604937
-4.84 -0.746965
-4.83 -0.860824
-4.82 -0.942451
-4.81 -0.989022
-4.8 -0.999037
-4.79 -0.972353
-4.78 -0.910175
-4.77 -0.814987
-4.76 -0.690447
-4.75 -0.541236
-4.74 -0.372876
-4.73 -0.191516
-4.72 -0.00370651
-4.71 0.183842
-4.7 0.364498
-4.69 0.531943
-4.68 0.680389
-4.67 0.804773
-4.66 0.900924
-4.65 0.965692
-4.64 0.997044
-4.63 0.99412
-4.62 0.957238
-4.61 0.887872
-4.6 0.788582
-4.59 0.66291
-4.58 0.51525
-4.57 0.350682
-4.56 0.174797
-4.55 -0.00650078
-4.54 -0.18719
-4.53 -0.361336
-4.52 -0.523285
-4.51 -0.667838
-4.5 -0.790424
-4.49 -0.887228
-4.48 -0.955308
-4.47 -0.992677
-4.46 -0.998347
-4.45 -0.97235
-4.44 -0.915718
-4.43 -0.830437
-4.42 -0.719368
-4.41 -0.586144
-4.4 -0.435048
-4.39 -0.270865
-4.38 -0.0987307
-4.37 0.0760347
-4.36 0.24809
-4.35 0.412237
-4.34 0.563576
-4.33 0.697647
-4.32 0.81056
-4.31 0.8991
-4.3 0.96081
-4.29 0.994056
-4.28 0.998059
-4.27 0.972906
-4.26 0.919531
-4.25 0.839675
-4.24 0.735825
-4.23 0.611128
-4.22 0.469288
-4.21 0.314457
-4.2 0.151103
-4.19 -0.0161148
-4.18 -0.182487
-4.17 -0.343382
-4.16 -0.494375
-4.15 -0.631368
-4.14 -0.750696
-4.13 -0.849225
-4.12 -0.924421
-4.11 -0.974418
-4.1 -0.998049
-4.09 -0.994872
-4.08 -0.965166
-4.07 -0.909914
-4.06 -0.830763
-4.05 -0.729969
-4.04 -0.61033
-4.03 -0.4751
-4.02 -0.327897
-4.01 -0.172608
-4 -0.0132767
-3.99 0.145999
-3.98 0.301173
-3.97 0.448354
-3.96 0.583899
-3.95 0.704503
-3.94 0.807277
-3.93 0.889807
-3.92 0.950214
-3.91 0.987184
-3.9 0.999992
-3.89 0.988512
-3.88 0.953206
-3.87 0.895106
-3.86 0.815776
-3.85 0.717265
-3.84 0.602053
-3.83 0.47298
-3.82 0.333176
-3.81 0.185981
-3.8 0.0348627
-3.79 -0.116664
-3.78 -0.265122
-3.77 -0.407149
-3.76 -0.539573
-3.75 -0.659483
-3.74 -0.764284
-3.73 -0.851757
-3.72 -0.920098
-3.71 -0.967949
-3.7 -0.994423
-3.69 -0.999112
-3.68 -0.982092
-3.67 -0.943905
-3.66 -0.885543
-3.65 -0.80842
-3.64 -0.714327
-3.63 -0.605395
-3.62 -0.484037
-3.61 -0.352894
-3.6 -0.214776
-3.59 -0.0725985
-3.58 0.0706786
-3.57 0.212114
-3.56 0.348844
-3.55 0.478142
-3.54 0.597466
-3.53 0.704514
-3.52 0.797257
-3.51 0.873982
-3.5 0.933315
-3.49 0.974243
-3.48 0.996125
-3.47 0.998703
-3.46 0.982091
-3.45 0.946772
-3.44 0.893579
-3.43 0.823671
-3.42 0.738508
-3.41 0.639813
-3.4 0.529537
-3.39 0.409819
-3.38 0.282937
-3.37 0.151272
-3.36 0.0172542
-3.35 -0.116679
-3.34 -0.248126
-3.33 -0.374766
-3.32 -0.4944
-3.31 -0.604983
-3.3 -0.704661
-3.29 -0.791797
-3.28 -0.864997
-3.27 -0.923131
-3.26 -0.965341
-3.25 -0.991055
-3.24 -0.999992
-3.23 -0.992154
-3.22 -0.967827
-3.21 -0.927567
-3.2 -0.872183
-3.19 -0.802723
-3.18 -0.720448
-3.17 -0.626806
-3.16 -0.52341
-3.15 -0.412
-3.14 -0.294419
-3.13 -0.172579
-3.12 -0.0484288
-3.11 0.0760787
-3.1 0.199015
-3.09 0.318505
-3.08 0.43276
-3.07 0.540097
-3.06 0.638965
-3.05 0.727967
-3.04 0.805875
-3.03 0.871647
-3.02 0.924435
-3.01 0.963599
-3 0.988705
-2.99 0.999531
-2.98 0.996064
-2.97 0.978496
-2.96 0.947217
-2.95 0.902802
-2.94 0.846001
-2.93 0.777726
-2.92 0.69903
-2.91 0.611093
-2.9 0.5152
-2.89 0.412722
-2.88 0.305097
-2.87 0.193806
-2.86 0.0803537
-2.85 -0.0337532
-2.84 -0.147025
-2.83 -0.258008
-2.82 -0.365304
-2.81 -0.467588
-2.8 -0.563618
-2.79 -0.652258
-2.78 -0.732481
-2.77 -0.803386
-2.76 -0.864201
-2.75 -0.914293
-2.74 -0.953173
-2.73 -0.980494
-2.72 -0.996057
-2.71 -0.999805
-2.7 -0.991824
-2.69 -0.972336
-2.68 -0.941695
-2.67 -0.900376
-2.66 -0.84897
-2.65 -0.788172
-2.64 -0.718771
-2.63 -0.641639
-2.62 -0.557717
-2.61 -0.468006
-2.6 -0.37355
-2.59 -0.275426
-2.58 -0.174731
-2.57 -0.0725692
-2.56 0.0299625
-2.55 0.131782
-2.54 0.231838
-2.53 0.329116
-2.52 0.42265
-2.51 0.511532
-2.5 0.594921
-2.49 0.672045
-2.48 0.742213
-2.47 0.804817
-2.46 0.859334
-2.45 0.905335
-2.44 0.942478
-2.43 0.970517
-2.42 0.989298
-2.41 0.998759
-2.4 0.998925
-2.39 0.989911
-2.38 0.971913
-2.37 0.945206
-2.36 0.910142
-2.35 0.867137
-2.34 0.816675
-2.33 0.759293
-2.32 0.695579
-2.31 0.626166
-2.3 0.551721
-2.29 0.472941
-2.28 0.390547
-2.27 0.305274
-2.26 0.217864
-2.25 0.129065
-2.24 0.0396153
-2.23 -0.0497537
-2.22 -0.138329
-2.21 -0.22542
-2.2 -0.310362
-2.19 -0.392524
-2.18 -0.471309
-2.17 -0.546161
-2.16 -0.616567
-2.15 -0.682059
-2.14 -0.742218
-2.13 -0.796675
-2.12 -0.845112
-2.11 -0.887262
-2.1 -0.922911
-2.09 -0.951899
-2.08 -0.974115
-2.07 -0.989503
-2.06 -0.998052
-2.05 -0.999804
-2.04 -0.994845
-2.03 -0.983306
-2.02 -0.96536
-2.01 -0.941218
-2 -0.91113
-1.99 -0.875379
-1.98 -0.834276
-1.97 -0.788163
-1.96 -0.737404
-1.95 -0.682384
-1.94 -0.623505
-1.93 -0.561186
-1.92 -0.495854
-1.91 -0.427945
-1.9 -0.3579
-1.89 -0.286161
-1.88 -0.21317
-1.87 -0.139363
-1.86 -0.0651721
-1.85 0.00898151
-1.84 0.0826871
-1.83 0.155547
-1.82 0.227181
-1.81 0.297222
-1.8 0.365325
-1.79 0.431163
-1.78 0.494432
-1.77 0.554849
-1.76 0.612154
-1.75 0.66611
-1.74 0.716507
-1.73 0.763155
-1.72 0.805893
-1.71 0.844581
-1.7 0.879105
-1.69 0.909376
-1.68 0.935327
-1.67 0.956914
-1.66 0.974117
-1.65 0.986937
-1.64 0.995394
-1.63 0.999531
-1.62 0.999409
-1.61 0.995105
-1.6 0.986715
-1.59 0.974349
-1.58 0.958134
-1.57 0.938207
-1.56 0.914719
-1.55 0.887831
-1.54 0.857716
-1.53 0.824553
-1.52 0.788528
-1.51 0.749834
-1.5 0.70867
-1.49 0.665237
-1.48 0.61974
-1.47 0.572385
-1.46 0.523378
-1.45 0.472928
-1.44 0.421239
-1.43 0.368515
-1.42 0.314957
-1.41 0.260762
-1.4 0.206123
-1.39 0.151229
-1.38 0.0962617
-1.37 0.0413992
-1.36 -0.0131886
-1.35 -0.067338
-1.34 -0.120893
-1.33 -0.173703
-1.32 -0.225629
-1.31 -0.276537
-1.3 -0.326302
-1.29 -0.374807
-1.28 -0.421944
-1.27 -0.467614
-1.26 -0.511723
-1.25 -0.55419
-1.24 -0.594938
-1.23 -0.633903
-1.22 -0.671024
-1.21 -0.706251
-1.2 -0.739542
-1.19 -0.770859
-1.18 -0.800176
-1.17 -0.827471
-1.16 -0.85273
-1.15 -0.875944
-1.14 -0.897112
-1.13 -0.916239
-1.12 -0.933334
-1.11 -0.948412
-1.1 -0.961494
-1.09 -0.972606
-1.08 -0.981776
-1.07 -0.989037
-1.06 -0.994429
-1.05 -0.99799
-1.04 -0.999767
-1.03 -0.999804
-1.02 -0.998153
-1.01 -0.994864
-1 -0.989992
-0.99 -0.983593
-0.98 -0.975724
-0.97 -0.966443
-0.96 -0.95581
-0.95 -0.943885
-0.94 -0.93073
-0.93 -0.916405
-0.92 -0.900972
-0.91 -0.884492
-0.9 -0.867027
-0.89 -0.848637
-0.88 -0.829384
-0.87 -0.809326
-0.86 -0.788523
-0.85 -0.767033
-0.84 -0.744912
-0.83 -0.722218
-0.82 -0.699004
-0.81 -0.675324
-0.8 -0.65123
-0.79 -0.626772
-0.78 -0.602
-0.77 -0.576962
-0.76 -0.551702
-0.75 -0.526266
-0.74 -0.500697
-0.73 -0.475035
-0.72 -0.44932
-0.71 -0.423589
-0.7 -0.397879
-0.69 -0.372224
-0.68 -0.346656
-0.67 -0.321207
-0.66 -0.295906
-0.65 -0.27078
-0.64 -0.245857
-0.63 -0.22116
-0.62 -0.196712
-0.61 -0.172536
-0.6 -0.148651
-0.59 -0.125075
-0.58 -0.101827
-0.57 -0.0789215
-0.56 -0.0563738
-0.55 -0.034197
-0.54 -0.0124034
-0.53 0.00899621
-0.52 0.0299918
-0.51 0.0505747
-0.5 0.0707372
-0.49 0.0904724
-0.48 0.109775
-0.47 0.128639
-0.46 0.147061
-0.45 0.165038
-0.44 0.182567
-0.43 0.199646
-0.42 0.216274
-0.41 0.23245
-0.4 0.248175
-0.39 0.26345
-0.38 0.278274
-0.37 0.292649
-0.36 0.306578
-0.35 0.320063
-0.34 0.333107
-0.33 0.345711
-0.32 0.35788
-0.31 0.369617
-0.3 0.380925
-0.29 0.391808
-0.28 0.402271
-0.27 0.412317
-0.26 0.421951
-0.25 0.431177
-0.24 0.439998
-0.23 0.44842
-0.22 0.456446
-0.21 0.464081
-0.2 0.471328
-0.19 0.478193
-0.18 0.484679
-0.17 0.49079
-0.16 0.49653
-0.15 0.501902
-0.14 0.50691
-0.13 0.511557
-0.12 0.515847
-0.11 0.519782
-0.1 0.523366
-0.09 0.5266
-0.08 0.529488
-0.07 0.53203
-0.06 0.53423
-0.05 0.536088
-0.04 0.537607
-0.03 0.538787
-0.02 0.539629
-0.01 0.540134
-6.23078e-14 0.540302
0.01 0.540134
0.02 0.539629
0.03 0.538787
0.04 0.537607
0.05 0.536088
0.06 0.53423
0.07 0.53203
0.08 0.529488
0.09 0.5266
0.1 0.523366
0.11 0.519782
0.12 0.515847
0.13 0.511557
0.14 0.50691
0.15 0.501902
0.16 0.49653
0.17 0.49079
0.18 0.484679
0.19 0.478193
0.2 0.471328
0.21 0.464081
0.22 0.456446
0.23 0.44842
0.24 0.439998
0.25 0.431177
0.26 0.421951
0.27 0.412317
0.28 0.402271
0.29 0.391808
0.3 0.380925
0.31 0.369617
0.32 0.35788
0.33 0.345711
0.34 0.333107
0.35 0.320063
0.36 0.306578
0.37 0.292649
0.38 0.278274
0.39 0.26345
0.4 0.248175
0.41 0.23245
0.42 0.216274
0.43 0.199646
0.44 0.182567
0.45 0.165038
0.46 0.147061
0.47 0.128639
0.48 0.109775
0.49 0.0904724
0.5 0.0707372
0.51 0.0505747
0.52 0.0299918
0.53 0.00899621
0.54 -0.0124034
0.55 -0.034197
0.56 -0.0563738
0.57 -0.0789215
0.58 -0.101827
0.59 -0.125075
0.6 -0.148651
0.61 -0.172536
0.62 -0.196712
0.63 -0.22116
0.64 -0.245857
0.65 -0.27078
0.66 -0.295906
0.67 -0.321207
0.68 -0.346656
0.69 -0.372224
0.7 -0.397879
0.71 -0.423589
0.72 -0.44932
0.73 -0.475035
0.74 -0.500697
0.75 -0.526266
0.76 -0.551702
0.77 -0.576962
0.78 -0.602
0.79 -0.626772
0.8 -0.65123
0.81 -0.675324
0.82 -0.699004
0.83 -0.722218
0.84 -0.744912
0.85 -0.767033
0.86 -0.788523
0.87 -0.809326
0.88 -0.829384
0.89 -0.848637
0.9 -0.867027
0.91 -0.884492
0.92 -0.900972
0.93 -0.916405
0.94 -0.93073
0.95 -0.943885
0.96 -0.95581
0.97 -0.966443
0.98 -0.975724
0.99 -0.983593
1 -0.989992
1.01 -0.994864
1.02 -0.998153
1.03 -0.999804
1.04 -0.999767
1.05 -0.99799
1.06 -0.994429
1.07 -0.989037
1.08 -0.981776
1.09 -0.972606
1.1 -0.961494
1.11 -0.948412
1.12 -0.933334
1.13 -0.916239
1.14 -0.897112
1.15 -0.875944
1.16 -0.85273
1.17 -0.827471
1.18 -0.800176
1.19 -0.770859
1.2 -0.739542
1.21 -0.706251
1.22 -0.671024
1.23 -0.633903
1.24 -0.594938
1.25 -0.55419
1.26 -0.511723
1.27 -0.467614
1.28 -0.421944
1.29 -0.374807
1.3 -0.326302
1.31 -0.276537
1.32 -0.225629
1.33 -0.173703
1.34 -0.120893
1.35 -0.067338
1.36 -0.0131886
1.37 0.0413992
1.38 0.0962617
1.39 0.151229
1.4 0.206123
1.41 0.260762
1.42 0.314957
1.43 0.368515
1.44 0.421239
1.45 0.472928
1.46 0.523378
1.47 0.572385
1.48 0.61974
1.49 0.665237
1.5 0.70867
1.51 0.749834
1.52 0.788528
1.53 0.824553
1.54 0.857716
1.55 0.887831
1.56 0.914719
1.57 0.938207
1.58 0.958134
1.59 0.974349
1.6 0.986715
1.61 0.995105
1.62 0.999409
1.63 0.999531
1.64 0.995394
1.65 0.986937
1.66 0.974117
1.67 0.956914
1.68 0.935327
1.69 0.909376
1.7 0.879105
1.71 0.844581
1.72 0.805893
1.73 0.763155
1.74 0.716507
1.75 0.66611
1.76 0.612154
1.77 0.554849
1.78 0.494432
1.79 0.431163
1.8 0.365325
1.81 0.297222
1.82 0.227181
1.83 0.155547
1.84 0.0826871
1.85 0.00898151
1.86 -0.0651721
1.87 -0.139363
1.88 -0.21317
1.89 -0.286161
1.9 -0.3579
1.91 -0.427945
1.92 -0.495854
1.93 -0.561186
1.94 -0.623505
1.95 -0.682384
1.96 -0.737404
1.97 -0.788163
1.98 -0.834276
1.99 -0.875379
2 -0.91113
2.01 -0.941218
2.02 -0.96536
2.03 -0.983306
2.04 -0.994845
2.05 -0.999804
2.06 -0.998052
2.07 -0.989503
2.08 -0.974115
2.09 -0.951899
2.1 -0.922911
2.11 -0.887262
2.12 -0.845112
2.13 -0.796675
2.14 -0.742218
2.15 -0.682059
2.16 -0.616567
2.17 -0.546161
2.18 -0.471309
2.19 -0.392524
2.2 -0.310362
2.21 -0.22542
2.22 -0.138329
2.23 -0.0497537
2.24 0.0396153
2.25 0.129065
2.26 0.217864
2.27 0.305274
2.28 0.390547
2.29 0.472941
2.3 0.551721
2.31 0.626166
2.32 0.695579
2.33 0.759293
2.34 0.816675
2.35 0.867137
2.36 0.910142
2.37 0.945206
2.38 0.971913
2.39 0.989911
2.4 0.998925
2.41 0.998759
2.42 0.989298
2.43 0.970517
2.44 0.942478
2.45 0.905335
2.46 0.859334
2.47 0.804817
2.48 0.742213
2.49 0.672045
2.5 0.594921
2.51 0.511532
2.52 0.42265
2.53 0.329116
2.54 0.231838
2.55 0.131782
2.56 0.0299625
2.57 -0.0725692
2.58 -0.174731
2.59 -0.275426
2.6 -0.37355
2.61 -0.468006
2.62 -0.557717
2.63 -0.641639
2.64 -0.718771
2.65 -0.788172
2.66 -0.84897
2.67 -0.900376
2.68 -0.941695
2.69 -0.972336
2.7 -0.991824
2.71 -0.999805
2.72 -0.996057
2.73 -0.980494
2.74 -0.953173
2.75 -0.914293
2.76 -0.864201
2.77 -0.803386
2.78 -0.732481
2.79 -0.652258
2.8 -0.563618
2.81 -0.467588
2.82 -0.365304
2.83 -0.258008
2.84 -0.147025
2.85 -0.0337532
2.86 0.0803537
2.87 0.193806
2.88 0.305097
2.89 0.412722
2.9 0.5152
2.91 0.611093
2.92 0.69903
2.93 0.777726
2.94 0.846001
2.95 0.902802
2.96 0.947217
2.97 0.978496
2.98 0.996064
2.99 0.999531
3 0.988705
3.01 0.963599
3.02 0.924435
3.03 0.871647
3.04 0.805875
3.05 0.727967
3.06 0.638965
3.07 0.540097
3.08 0.43276
3.09 0.318505
3.1 0.199015
3.11 0.0760787
3.12 -0.0484288
3.13 -0.172579
3.14 -0.294419
3.15 -0.412
3.16 -0.52341
3.17 -0.626806
3.18 -0.720448
3.19 -0.802723
3.2 -0.872183
3.21 -0.927567
3.22 -0.967827
3.23 -0.992154
3.24 -0.999992
3.25 -0.991055
3.26 -0.965341
3.27 -0.923131
3.28 -0.864997
3.29 -0.791797
3.3 -0.704661
3.31 -0.604983
3.32 -0.4944
3.33 -0.374766
3.34 -0.248126
3.35 -0.116679
3.36 0.0172542
3.37 0.151272
3.38 0.282937
3.39 0.409819
3.4 0.529537
3.41 0.639813
3.42 0.738508
3.43 0.823671
3.44 0.893579
3.45 0.946772
3.46 0.982091
3.47 0.998703
3.48 0.996125
3.49 0.974243
3.5 0.933315
3.51 0.873982
3.52 0.797257
3.53 0.704514
3.54 0.597466
3.55 0.478142
3.56 0.348844
3.57 0.212114
3.58 0.0706786
3.59 -0.0725985
3.6 -0.214776
3.61 -0.352894
3.62 -0.484037
3.63 -0.605395
3.64 -0.714327
3.65 -0.80842
3.66 -0.885543
3.67 -0.943905
3.68 -0.982092
3.69 -0.999112
3.7 -0.994423
3.71 -0.967949
3.72 -0.920098
3.73 -0.851757
3.74 -0.764284
3.75 -0.659483
3.76 -0.539573
3.77 -0.407149
3.78 -0.265122
3.79 -0.116664
3.8 0.0348627
3.81 0.185981
3.82 0.333176
3.83 0.47298
3.84 0.602053
3.85 0.717265
3.86 0.815776
3.87 0.895106
3.88 0.953206
3.89 0.988512
3.9 0.999992
3.91 0.987184
3.92 0.950214
3.93 0.889807
3.94 0.807277
3.95 0.704503
3.96 0.583899
3.97 0.448354
3.98 0.301173
3.99 0.145999
4 -0.0132767
4.01 -0.172608
4.02 -0.327897
4.03 -0.4751
4.04 -0.61033
4.05 -0.729969
4.06 -0.830763
4.07 -0.909914
4.08 -0.965166
4.09 -0.994872
4.1 -0.998049
4.11 -0.974418
4.12 -0.924421
4.13 -0.849225
4.14 -0.750696
4.15 -0.631368
4.16 -0.494375
4.17 -0.343382
4.18 -0.182487
4.19 -0.0161148
4.2 0.151103
4.21 0.314457
4.22 0.469288
4.23 0.611128
4.24 0.735825
4.25 0.839675
4.26 0.919531
4.27 0.972906
4.28 0.998059
4.29 0.994056
4.3 0.96081
4.31 0.8991
4.32 0.81056
4.33 0.697647
4.34 0.563576
4.35 0.412237
4.36 0.24809
4.37 0.0760347
4.38 -0.0987307
4.39 -0.270865
4.4 -0.435048
4.41 -0.586144
4.42 -0.719368
4.43 -0.830437
4.44 -0.915718
4.45 -0.97235
4.46 -0.998347
4.47 -0.992677
4.48 -0.955308
4.49 -0.887228
4.5 -0.790424
4.51 -0.667838
4.52 -0.523285
4.53 -0.361336
4.54 -0.18719
4.55 -0.00650078
4.56 0.174797
4.57 0.350682
4.58 0.51525
4.59 0.66291
4.6 0.788582
4.61 0.887872
4.62 0.957238
4.63 0.99412
4.64 0.997044
4.65 0.965692
4.66 0.900924
4.67 0.804773
4.68 0.680389
4.69 0.531943
4.7 0.364498
4.71 0.183842
4.72 -0.00370651
4.73 -0.191516
4.74 -0.372876
4.75 -0.541236
4.76 -0.690447
4.77 -0.814987
4.78 -0.910175
4.79 -0.972353
4.8 -0.999037
4.81 -0.989022
4.82 -0.942451
4.83 -0.860824
4.84 -0.746965
4.85 -0.604937
4.86 -0.439899
4.87 -0.257937
4.88 -0.0658385
4.89 0.129152
4.9 0.319606
4.91 0.498193
4.92 0.657965
4.93 0.792632
4.94 0.896814
4.95 0.966266
4.96 0.998061
4.97 0.990723
4.98 0.944306
4.99 0.860413
5 0.742154
