-5 9.96236
-4.99 9.9221
-4.98 9.88193
-4.97 9.84183
-4.96 9.80182
-4.95 9.76188
-4.94 9.72203
-4.93 9.68226
-4.92 9.64256
-4.91 9.60295
-4.9 9.56342
-4.89 9.52397
-4.88 9.4846
-4.87 9.44531
-4.86 9.4061
-4.85 9.36697
-4.84 9.32793
-4.83 9.28896
-4.82 9.25007
-4.81 9.21127
-4.8 9.17254
-4.79 9.1339
-4.78 9.09533
-4.77 9.05685
-4.76 9.01845
-4.75 8.98013
-4.74 8.94188
-4.73 8.90372
-4.72 8.86564
-4.71 8.82764
-4.7 8.78972
-4.69 8.75189
-4.68 8.71413
-4.67 8.67645
-4.66 8.63885
-4.65 8.60134
-4.64 8.5639
-4.63 8.52655
-4.62 8.48927
-4.61 8.45208
-4.6 8.41497
-4.59 8.37793
-4.58 8.34098
-4.57 8.30411
-4.56 8.26732
-4.55 8.23061
-4.54 8.19398
-4.53 8.15743
-4.52 8.12096
-4.51 8.08457
-4.5 8.04827
-4.49 8.01204
-4.48 7.97589
-4.47 7.93983
-4.46 7.90384
-4.45 7.86794
-4.44 7.83211
-4.43 7.79637
-4.42 7.76071
-4.41 7.72513
-4.4 7.68962
-4.39 7.6542
-4.38 7.61886
-4.37 7.5836
-4.36 7.54842
-4.35 7.51333
-4.34 7.47831
-4.33 7.44337
-4.32 7.40851
-4.31 7.37374
-4.3 7.33904
-4.29 7.30443
-4.28 7.26989
-4.27 7.23544
-4.26 7.20107
-4.25 7.16677
-4.24 7.13256
-4.23 7.09843
-4.22 7.06438
-4.21 7.03041
-4.2 6.99652
-4.19 6.96271
-4.18 6.92898
-4.17 6.89534
-4.16 6.86177
-4.15 6.82828
-4.14 6.79488
-4.13 6.76155
-4.12 6.72831
-4.11 6.69514
-4.1 6.66206
-4.09 6.62906
-4.08 6.59613
-4.07 6.56329
-4.06 6.53053
-4.05 6.49785
-4.04 6.46525
-4.03 6.43273
-4.02 6.40029
-4.01 6.36793
-4 6.33566
-3.99 6.30346
-3.98 6.27134
-3.97 6.23931
-3.96 6.20735
-3.95 6.17548
-3.94 6.14368
-3.93 6.11197
-3.92 6.08034
-3.91 6.04878
-3.9 6.01731
-3.89 5.98592
-3.88 5.95461
-3.87 5.92338
-3.86 5.89223
-3.85 5.86116
-3.84 5.83017
-3.83 5.79927
-3.82 5.76844
-3.81 5.73769
-3.8 5.70703
-3.79 5.67644
-3.78 5.64594
-3.77 5.61551
-3.76 5.58517
-3.75 5.55491
-3.74 5.52472
-3.73 5.49462
-3.72 5.4646
-3.71 5.43466
-3.7 5.4048
-3.69 5.37502
-3.68 5.34532
-3.67 5.31571
-3.66 5.28617
-3.65 5.25671
-3.64 5.22734
-3.63 5.19804
-3.62 5.16882
-3.61 5.13969
-3.6 5.11064
-3.59 5.08166
-3.58 5.05277
-3.57 5.02396
-3.56 4.99523
-3.55 4.96658
-3.54 4.93801
-3.53 4.90952
-3.52 4.88111
-3.51 4.85278
-3.5 4.82453
-3.49 4.79636
-3.48 4.76828
-3.47 4.74027
-3.46 4.71234
-3.45 4.6845
-3.44 4.65673
-3.43 4.62905
-3.42 4.60145
-3.41 4.57392
-3.4 4.54648
-3.39 4.51912
-3.38 4.49184
-3.37 4.46464
-3.36 4.43752
-3.35 4.41048
-3.34 4.38352
-3.33 4.35664
-3.32 4.32985
-3.31 4.30313
-3.3 4.27649
-3.29 4.24994
-3.28 4.22346
-3.27 4.19707
-3.26 4.17076
-3.25 4.14452
-3.24 4.11837
-3.23 4.0923
-3.22 4.06631
-3.21 4.0404
-3.2 4.01457
-3.19 3.98882
-3.18 3.96315
-3.17 3.93756
-3.16 3.91205
-3.15 3.88662
-3.14 3.86128
-3.13 3.83601
-3.12 3.81083
-3.11 3.78572
-3.1 3.7607
-3.09 3.73575
-3.08 3.71089
-3.07 3.68611
-3.06 3.66141
-3.05 3.63678
-3.04 3.61224
-3.03 3.58778
-3.02 3.5634
-3.01 3.53911
-3 3.51489
-2.99 3.49075
-2.98 3.46669
-2.97 3.44272
-2.96 3.41882
-2.95 3.395
-2.94 3.37127
-2.93 3.34762
-2.92 3.32404
-2.91 3.30055
-2.9 3.27714
-2.89 3.2538
-2.88 3.23055
-2.87 3.20738
-2.86 3.18429
-2.85 3.16128
-2.84 3.13835
-2.83 3.11551
-2.82 3.09274
-2.81 3.07005
-2.8 3.04745
-2.79 3.02492
-2.78 3.00247
-2.77 2.98011
-2.76 2.95783
-2.75 2.93562
-2.74 2.9135
-2.73 2.89146
-2.72 2.8695
-2.71 2.84761
-2.7 2.82581
-2.69 2.80409
-2.68 2.78245
-2.67 2.7609
-2.66 2.73942
-2.65 2.71802
-2.64 2.6967
-2.63 2.67547
-2.62 2.65431
-2.61 2.63324
-2.6 2.61224
-2.59 2.59133
-2.58 2.57049
-2.57 2.54974
-2.56 2.52907
-2.55 2.50848
-2.54 2.48797
-2.53 2.46754
-2.52 2.44719
-2.51 2.42692
-2.5 2.40673
-2.49 2.38662
-2.48 2.36659
-2.47 2.34665
-2.46 2.32678
-2.45 2.30699
-2.44 2.28729
-2.43 2.26766
-2.42 2.24812
-2.41 2.22866
-2.4 2.20927
-2.39 2.18997
-2.38 2.17075
-2.37 2.15161
-2.36 2.13255
-2.35 2.11357
-2.34 2.09467
-2.33 2.07585
-2.32 2.05711
-2.31 2.03846
-2.3 2.01988
-2.29 2.00138
-2.28 1.98297
-2.27 1.96463
-2.26 1.94638
-2.25 1.9282
-2.24 1.91011
-2.23 1.8921
-2.22 1.87417
-2.21 1.85632
-2.2 1.83854
-2.19 1.82085
-2.18 1.80324
-2.17 1.78572
-2.16 1.76827
-2.15 1.7509
-2.14 1.73361
-2.13 1.71641
-2.12 1.69928
-2.11 1.68223
-2.1 1.66527
-2.09 1.64838
-2.08 1.63158
-2.07 1.61486
-2.06 1.59822
-2.05 1.58165
-2.04 1.56517
-2.03 1.54877
-2.02 1.53245
-2.01 1.51621
-2 1.50005
-1.99 1.48397
-1.98 1.46798
-1.97 1.45206
-1.96 1.43622
-1.95 1.42047
-1.94 1.40479
-1.93 1.3892
-1.92 1.37368
-1.91 1.35825
-1.9 1.3429
-1.89 1.32762
-1.88 1.31243
-1.87 1.29732
-1.86 1.28229
-1.85 1.26734
-1.84 1.25247
-1.83 1.23768
-1.82 1.22297
-1.81 1.20834
-1.8 1.1938
-1.79 1.17933
-1.78 1.16495
-1.77 1.15064
-1.76 1.13641
-1.75 1.12227
-1.74 1.10821
-1.73 1.09422
-1.72 1.08032
-1.71 1.0665
-1.7 1.05276
-1.69 1.0391
-1.68 1.02552
-1.67 1.01202
-1.66 0.9986
-1.65 0.985262
-1.64 0.972004
-1.63 0.958827
-1.62 0.945731
-1.61 0.932715
-1.6 0.91978
-1.59 0.906925
-1.58 0.894151
-1.57 0.881458
-1.56 0.868845
-1.55 0.856313
-1.54 0.843861
-1.53 0.83149
-1.52 0.819199
-1.51 0.806989
-1.5 0.79486
-1.49 0.782811
-1.48 0.770843
-1.47 0.758956
-1.46 0.747149
-1.45 0.735423
-1.44 0.723777
-1.43 0.712212
-1.42 0.700727
-1.41 0.689323
-1.4 0.678
-1.39 0.666757
-1.38 0.655595
-1.37 0.644513
-1.36 0.633512
-1.35 0.622592
-1.34 0.611752
-1.33 0.600993
-1.32 0.590314
-1.31 0.579716
-1.3 0.569199
-1.29 0.558762
-1.28 0.548406
-1.27 0.53813
-1.26 0.527935
-1.25 0.51782
-1.24 0.507787
-1.23 0.497833
-1.22 0.487961
-1.21 0.478168
-1.2 0.468457
-1.19 0.458826
-1.18 0.449276
-1.17 0.439806
-1.16 0.430417
-1.15 0.421108
-1.14 0.41188
-1.13 0.402733
-1.12 0.393666
-1.11 0.38468
-1.1 0.375775
-1.09 0.36695
-1.08 0.358205
-1.07 0.349541
-1.06 0.340958
-1.05 0.332456
-1.04 0.324034
-1.03 0.315692
-1.02 0.307431
-1.01 0.299251
-1 0.291151
-0.99 0.283132
-0.98 0.275194
-0.97 0.267336
-0.96 0.259559
-0.95 0.251862
-0.94 0.244246
-0.93 0.236711
-0.92 0.229256
-0.91 0.221881
-0.9 0.214588
-0.89 0.207375
-0.88 0.200242
-0.87 0.19319
-0.86 0.186219
-0.85 0.179328
-0.84 0.172518
-0.83 0.165788
-0.82 0.15914
-0.81 0.152571
-0.8 0.146083
-0.79 0.139676
-0.78 0.13335
-0.77 0.127104
-0.76 0.120938
-0.75 0.114853
-0.74 0.108849
-0.73 0.102926
-0.72 0.0970826
-0.71 0.0913202
-0.7 0.0856384
-0.69 0.0800371
-0.68 0.0745165
-0.67 0.0690764
-0.66 0.063717
-0.65 0.0584381
-0.64 0.0532398
-0.63 0.0481221
-0.62 0.043085
-0.61 0.0381286
-0.6 0.0332527
-0.59 0.0284573
-0.58 0.0237426
-0.57 0.0191085
-0.56 0.014555
-0.55 0.0100821
-0.54 0.00568971
-0.53 0.00137797
-0.52 -0.00285319
-0.51 -0.00700375
-0.5 -0.0110737
-0.49 -0.0150631
-0.48 -0.0189719
-0.47 -0.0228
-0.46 -0.0265476
-0.45 -0.0302146
-0.44 -0.033801
-0.43 -0.0373069
-0.42 -0.0407321
-0.41 -0.0440767
-0.4 -0.0473407
-0.39 -0.0505242
-0.38 -0.053627
-0.37 -0.0566493
-0.36 -0.0595909
-0.35 -0.062452
-0.34 -0.0652325
-0.33 -0.0679323
-0.32 -0.0705516
-0.31 -0.0730903
-0.3 -0.0755484
-0.29 -0.0779259
-0.28 -0.0802228
-0.27 -0.0824392
-0.26 -0.0845749
-0.25 -0.08663
-0.24 -0.0886046
-0.23 -0.0904985
-0.22 -0.0923118
-0.21 -0.0940446
-0.2 -0.0956968
-0.19 -0.0972683
-0.18 -0.0987593
-0.17 -0.10017
-0.16 -0.101499
-0.15 -0.102749
-0.14 -0.103917
-0.13 -0.105005
-0.12 -0.106013
-0.11 -0.10694
-0.1 -0.107786
-0.09 -0.108551
-0.08 -0.109236
-0.07 -0.109841
-0.06 -0.110365
-0.05 -0.110808
-0.04 -0.111171
-0.03 -0.111453
-0.02 -0.111654
-0.01 -0.111775
-6.23078e-14 -0.111815
0.01 -0.111775
0.02 -0.111654
0.03 -0.111453
0.04 -0.111171
0.05 -0.110808
0.06 -0.110365
0.07 -0.109841
0.08 -0.109236
0.09 -0.108551
0.1 -0.107786
0.11 -0.10694
0.12 -0.106013
0.13 -0.105005
0.14 -0.103917
0.15 -0.102749
0.16 -0.101499
0.17 -0.10017
0.18 -0.0987593
0.19 -0.0972683
0.2 -0.0956968
0.21 -0.0940446
0.22 -0.0923118
0.23 -0.0904985
0.24 -0.0886046
0.25 -0.08663
0.26 -0.0845749
0.27 -0.0824392
0.28 -0.0802228
0.29 -0.0779259
0.3 -0.0755484
0.31 -0.0730903
0.32 -0.0705516
0.33 -0.0679323
0.34 -0.0652325
0.35 -0.062452
0.36 -0.0595909
0.37 -0.0566493
0.38 -0.053627
0.39 -0.0505242
0.4 -0.0473407
0.41 -0.0440767
0.42 -0.0407321
0.43 -0.0373069
0.44 -0.033801
0.45 -0.0302146
0.46 -0.0265476
0.47 -0.0228
0.48 -0.0189719
0.49 -0.0150631
0.5 -0.0110737
0.51 -0.00700375
0.52 -0.00285319
0.53 0.00137797
0.54 0.00568971
0.55 0.0100821
0.56 0.014555
0.57 0.0191085
0.58 0.0237426
0.59 0.0284573
0.6 0.0332527
0.61 0.0381286
0.62 0.043085
0.63 0.0481221
0.64 0.0532398
0.65 0.0584381
0.66 0.063717
0.67 0.0690764
0.68 0.0745165
0.69 0.0800371
0.7 0.0856384
0.71 0.0913202
0.72 0.0970826
0.73 0.102926
0.74 0.108849
0.75 0.114853
0.76 0.120938
0.77 0.127104
0.78 0.13335
0.79 0.139676
0.8 0.146083
0.81 0.152571
0.82 0.15914
0.83 0.165788
0.84 0.172518
0.85 0.179328
0.86 0.186219
0.87 0.19319
0.88 0.200242
0.89 0.207375
0.9 0.214588
0.91 0.221881
0.92 0.229256
0.93 0.236711
0.94 0.244246
0.95 0.251862
0.96 0.259559
0.97 0.267336
0.98 0.275194
0.99 0.283132
1 0.291151
1.01 0.299251
1.02 0.307431
1.03 0.315692
1.04 0.324034
1.05 0.332456
1.06 0.340958
1.07 0.349541
1.08 0.358205
1.09 0.36695
1.1 0.375775
1.11 0.38468
1.12 0.393666
1.13 0.402733
1.14 0.41188
1.15 0.421108
1.16 0.430417
1.17 0.439806
1.18 0.449276
1.19 0.458826
1.2 0.468457
1.21 0.478168
1.22 0.487961
1.23 0.497833
1.24 0.507787
1.25 0.51782
1.26 0.527935
1.27 0.53813
1.28 0.548406
1.29 0.558762
1.3 0.569199
1.31 0.579716
1.32 0.590314
1.33 0.600993
1.34 0.611752
1.35 0.622592
1.36 0.633512
1.37 0.644513
1.38 0.655595
1.39 0.666757
1.4 0.678
1.41 0.689323
1.42 0.700727
1.43 0.712212
1.44 0.723777
1.45 0.735423
1.46 0.747149
1.47 0.758956
1.48 0.770843
1.49 0.782811
1.5 0.79486
1.51 0.806989
1.52 0.819199
1.53 0.83149
1.54 0.843861
1.55 0.856313
1.56 0.868845
1.57 0.881458
1.58 0.894151
1.59 0.906925
1.6 0.91978
1.61 0.932715
1.62 0.945731
1.63 0.958827
1.64 0.972004
1.65 0.985262
1.66 0.9986
1.67 1.01202
1.68 1.02552
1.69 1.0391
1.7 1.05276
1.71 1.0665
1.72 1.08032
1.73 1.09422
1.74 1.10821
1.75 1.12227
1.76 1.13641
1.77 1.15064
1.78 1.16495
1.79 1.17933
1.8 1.1938
1.81 1.20834
1.82 1.22297
1.83 1.23768
1.84 1.25247
1.85 1.26734
1.86 1.28229
1.87 1.29732
1.88 1.31243
1.89 1.32762
1.9 1.3429
1.91 1.35825
1.92 1.37368
1.93 1.3892
1.94 1.40479
1.95 1.42047
1.96 1.43622
1.97 1.45206
1.98 1.46798
1.99 1.48397
2 1.50005
2.01 1.51621
2.02 1.53245
2.03 1.54877
2.04 1.56517
2.05 1.58165
2.06 1.59822
2.07 1.61486
2.08 1.63158
2.09 1.64838
2.1 1.66527
2.11 1.68223
2.12 1.69928
2.13 1.71641
2.14 1.73361
2.15 1.7509
2.16 1.76827
2.17 1.78572
2.18 1.80324
2.19 1.82085
2.2 1.83854
2.21 1.85632
2.22 1.87417
2.23 1.8921
2.24 1.91011
2.25 1.9282
2.26 1.94638
2.27 1.96463
2.28 1.98297
2.29 2.00138
2.3 2.01988
2.31 2.03846
2.32 2.05711
2.33 2.07585
2.34 2.09467
2.35 2.11357
2.36 2.13255
2.37 2.15161
2.38 2.17075
2.39 2.18997
2.4 2.20927
2.41 2.22866
2.42 2.24812
2.43 2.26766
2.44 2.28729
2.45 2.30699
2.46 2.32678
2.47 2.34665
2.48 2.36659
2.49 2.38662
2.5 2.40673
2.51 2.42692
2.52 2.44719
2.53 2.46754
2.54 2.48797
2.55 2.50848
2.56 2.52907
2.57 2.54974
2.58 2.57049
2.59 2.59133
2.6 2.61224
2.61 2.63324
2.62 2.65431
2.63 2.67547
2.64 2.6967
2.65 2.71802
2.66 2.73942
2.67 2.7609
2.68 2.78245
2.69 2.80409
2.7 2.82581
2.71 2.84761
2.72 2.8695
2.73 2.89146
2.74 2.9135
2.75 2.93562
2.76 2.95783
2.77 2.98011
2.78 3.00247
2.79 3.02492
2.8 3.04745
2.81 3.07005
2.82 3.09274
2.83 3.11551
2.84 3.13835
2.85 3.16128
2.86 3.18429
2.87 3.20738
2.88 3.23055
2.89 3.2538
2.9 3.27714
2.91 3.30055
2.92 3.32404
2.93 3.34762
2.94 3.37127
2.95 3.395
2.96 3.41882
2.97 3.44272
2.98 3.46669
2.99 3.49075
3 3.51489
3.01 3.53911
3.02 3.5634
3.03 3.58778
3.04 3.61224
3.05 3.63678
3.06 3.66141
3.07 3.68611
3.08 3.71089
3.09 3.73575
3.1 3.7607
3.11 3.78572
3.12 3.81083
3.13 3.83601
3.14 3.86128
3.15 3.88662
3.16 3.91205
3.17 3.93756
3.18 3.96315
3.19 3.98882
3.2 4.01457
3.21 4.0404
3.22 4.06631
3.23 4.0923
3.24 4.11837
3.25 4.14452
3.26 4.17076
3.27 4.19707
3.28 4.22346
3.29 4.24994
3.3 4.27649
3.31 4.30313
3.32 4.32985
3.33 4.35664
3.34 4.38352
3.35 4.41048
3.36 4.43752
3.37 4.46464
3.38 4.49184
3.39 4.51912
3.4 4.54648
3.41 4.57392
3.42 4.60145
3.43 4.62905
3.44 4.65673
3.45 4.6845
3.46 4.71234
3.47 4.74027
3.48 4.76828
3.49 4.79636
3.5 4.82453
3.51 4.85278
3.52 4.88111
3.53 4.90952
3.54 4.93801
3.55 4.96658
3.56 4.99523
3.57 5.02396
3.58 5.05277
3.59 5.08166
3.6 5.11064
3.61 5.13969
3.62 5.16882
3.63 5.19804
3.64 5.22734
3.65 5.25671
3.66 5.28617
3.67 5.31571
3.68 5.34532
3.69 5.37502
3.7 5.4048
3.71 5.43466
3.72 5.4646
3.73 5.49462
3.74 5.52472
3.75 5.55491
3.76 5.58517
3.77 5.61551
3.78 5.64594
3.79 5.67644
3.8 5.70703
3.81 5.73769
3.82 5.76844
3.83 5.79927
3.84 5.83017
3.85 5.86116
3.86 5.89223
3.87 5.92338
3.88 5.95461
3.89 5.98592
3.9 6.01731
3.91 6.04878
3.92 6.08034
3.93 6.11197
3.94 6.14368
3.95 6.17548
3.96 6.20735
3.97 6.23931
3.98 6.27134
3.99 6.30346
4 6.33566
4.01 6.36793
4.02 6.40029
4.03 6.43273
4.04 6.46525
4.05 6.49785
4.06 6.53053
4.07 6.56329
4.08 6.59613
4.09 6.62906
4.1 6.66206
4.11 6.69514
4.12 6.72831
4.13 6.76155
4.14 6.79488
4.15 6.82828
4.16 6.86177
4.17 6.89534
4.18 6.92898
4.19 6.96271
4.2 6.99652
4.21 7.03041
4.22 7.06438
4.23 7.09843
4.24 7.13256
4.25 7.16677
4.26 7.20107
4.27 7.23544
4.28 7.26989
4.29 7.30443
4.3 7.33904
4.31 7.37374
4.32 7.40851
4.33 7.44337
4.34 7.47831
4.35 7.51333
4.36 7.54842
4.37 7.5836
4.38 7.61886
4.39 7.6542
4.4 7.68962
4.41 7.72513
4.42 7.76071
4.43 7.79637
4.44 7.83211
4.45 7.86794
4.46 7.90384
4.47 7.93983
4.48 7.97589
4.49 8.01204
4.5 8.04827
4.51 8.08457
4.52 8.12096
4.53 8.15743
4.54 8.19398
4.55 8.23061
4.56 8.26732
4.57 8.30411
4.58 8.34098
4.59 8.37793
4.6 8.41497
4.61 8.45208
4.62 8.48927
4.63 8.52655
4.64 8.5639
4.65 8.60134
4.66 8.63885
4.67 8.67645
4.68 8.71413
4.69 8.75189
4.7 8.78972
4.71 8.82764
4.72 8.86564
4.73 8.90372
4.74 8.94188
4.75 8.98013
4.76 9.01845
4.77 9.05685
4.78 9.09533
4.79 9.1339
4.8 9.17254
4.81 9.21127
4.82 9.25007
4.83 9.28896
4.84 9.32793
4.85 9.36697
4.86 9.4061
4.87 9.44531
4.88 9.4846
4.89 9.52397
4.9 9.56342
4.91 9.60295
4.92 9.64256
4.93 9.68226
4.94 9.72203
4.95 9.76188
4.96 9.80182
4.97 9.84183
4.98 9.88193
4.99 9.9221
5 9.96236
