-2 -1.13289
-1.99 -1.11183
-1.98 -1.09091
-1.97 -1.07011
-1.96 -1.04944
-1.95 -1.0289
-1.94 -1.00848
-1.93 -0.988195
-1.92 -0.968035
-1.91 -0.948003
-1.9 -0.928098
-1.89 -0.90832
-1.88 -0.88867
-1.87 -0.869147
-1.86 -0.849752
-1.85 -0.830485
-1.84 -0.811345
-1.83 -0.792332
-1.82 -0.773447
-1.81 -0.754689
-1.8 -0.736059
-1.79 -0.717557
-1.78 -0.699182
-1.77 -0.680934
-1.76 -0.662814
-1.75 -0.644822
-1.74 -0.626957
-1.73 -0.609219
-1.72 -0.591609
-1.71 -0.574126
-1.7 -0.556771
-1.69 -0.539544
-1.68 -0.522444
-1.67 -0.505471
-1.66 -0.488626
-1.65 -0.471909
-1.64 -0.455319
-1.63 -0.438856
-1.62 -0.422521
-1.61 -0.406314
-1.6 -0.390234
-1.59 -0.374282
-1.58 -0.358457
-1.57 -0.342759
-1.56 -0.327189
-1.55 -0.311747
-1.54 -0.296432
-1.53 -0.281244
-1.52 -0.266184
-1.51 -0.251252
-1.5 -0.236447
-1.49 -0.22177
-1.48 -0.20722
-1.47 -0.192797
-1.46 -0.178502
-1.45 -0.164335
-1.44 -0.150295
-1.43 -0.136383
-1.42 -0.122598
-1.41 -0.108941
-1.4 -0.0954106
-1.39 -0.0820083
-1.38 -0.0687334
-1.37 -0.055586
-1.36 -0.0425662
-1.35 -0.0296738
-1.34 -0.016909
-1.33 -0.00427162
-1.32 0.00823822
-1.31 0.0206206
-1.3 0.0328754
-1.29 0.0450027
-1.28 0.0570025
-1.27 0.0688749
-1.26 0.0806197
-1.25 0.092237
-1.24 0.103727
-1.23 0.115089
-1.22 0.126324
-1.21 0.137431
-1.2 0.148411
-1.19 0.159263
-1.18 0.169988
-1.17 0.180585
-1.16 0.191055
-1.15 0.201397
-1.14 0.211612
-1.13 0.221699
-1.12 0.231659
-1.11 0.241491
-1.1 0.251196
-1.09 0.260773
-1.08 0.270223
-1.07 0.279545
-1.06 0.28874
-1.05 0.297807
-1.04 0.306747
-1.03 0.315559
-1.02 0.324244
-1.01 0.332801
-1 0.341231
-0.99 0.349533
-0.98 0.357708
-0.97 0.365755
-0.96 0.373674
-0.95 0.381467
-0.94 0.389131
-0.93 0.396669
-0.92 0.404078
-0.91 0.41136
-0.9 0.418515
-0.89 0.425542
-0.88 0.432442
-0.87 0.439214
-0.86 0.445859
-0.85 0.452376
-0.84 0.458765
-0.83 0.465027
-0.82 0.471162
-0.81 0.477169
-0.8 0.483049
-0.79 0.488801
-0.78 0.494425
-0.77 0.499923
-0.76 0.505292
-0.75 0.510534
-0.74 0.515649
-0.73 0.520636
-0.72 0.525495
-0.71 0.530227
-0.7 0.534832
-0.69 0.539309
-0.68 0.543659
-0.67 0.547881
-0.66 0.551975
-0.65 0.555942
-0.64 0.559782
-0.63 0.563494
-0.62 0.567078
-0.61 0.570535
-0.6 0.573865
-0.59 0.577067
-0.58 0.580141
-0.57 0.583088
-0.56 0.585908
-0.55 0.5886
-0.54 0.591164
-0.53 0.593601
-0.52 0.595911
-0.51 0.598093
-0.5 0.600147
-0.49 0.602074
-0.48 0.603874
-0.47 0.605546
-0.46 0.60709
-0.45 0.608507
-0.44 0.609796
-0.43 0.610958
-0.42 0.611993
-0.41 0.6129
-0.4 0.613679
-0.39 0.614331
-0.38 0.614856
-0.37 0.615252
-0.36 0.615522
-0.35 0.615664
-0.34 0.615678
-0.33 0.615565
-0.32 0.615324
-0.31 0.614956
-0.3 0.614461
-0.29 0.613838
-0.28 0.613087
-0.27 0.612209
-0.26 0.611203
-0.25 0.61007
-0.24 0.608809
-0.23 0.607421
-0.22 0.605906
-0.21 0.604262
-0.2 0.602492
-0.19 0.600594
-0.18 0.598568
-0.17 0.596415
-0.16 0.594134
-0.15 0.591726
-0.14 0.58919
-0.13 0.586527
-0.12 0.583736
-0.11 0.580818
-0.1 0.577772
-0.09 0.574599
-0.08 0.571298
-0.07 0.56787
-0.06 0.564314
-0.05 0.560631
-0.04 0.55682
-0.03 0.552882
-0.02 0.548816
-0.01 0.544623
1.64105e-15 0.540302
0.01 0.535854
0.02 0.531278
0.03 0.526575
0.04 0.521744
0.05 0.516786
0.06 0.5117
0.07 0.506487
0.08 0.501146
0.09 0.495678
0.1 0.490082
0.11 0.484359
0.12 0.478508
0.13 0.47253
0.14 0.466424
0.15 0.46019
0.16 0.45383
0.17 0.447341
0.18 0.440725
0.19 0.433982
0.2 0.427111
0.21 0.420113
0.22 0.412987
0.23 0.405734
0.24 0.398353
0.25 0.390844
0.26 0.383209
0.27 0.375445
0.28 0.367554
0.29 0.359536
0.3 0.35139
0.31 0.343117
0.32 0.334716
0.33 0.326187
0.34 0.317531
0.35 0.308748
0.36 0.299837
0.37 0.290799
0.38 0.281633
0.39 0.272339
0.4 0.262918
0.41 0.25337
0.42 0.243694
0.43 0.23389
0.44 0.223959
0.45 0.213901
0.46 0.203715
0.47 0.193401
0.48 0.182961
0.49 0.172392
0.5 0.161696
0.51 0.150873
0.52 0.139922
0.53 0.128843
0.54 0.117637
0.55 0.106304
0.56 0.0948425
0.57 0.083254
0.58 0.0715379
0.59 0.0596944
0.6 0.0477234
0.61 0.0356248
0.62 0.0233988
0.63 0.0110452
0.64 -0.00143582
0.65 -0.0140444
0.66 -0.0267804
0.67 -0.039644
0.68 -0.0526351
0.69 -0.0657537
0.7 -0.0789998
0.71 -0.0923733
0.72 -0.105874
0.73 -0.119503
0.74 -0.133259
0.75 -0.147143
0.76 -0.161154
0.77 -0.175292
0.78 -0.189559
0.79 -0.203952
0.8 -0.218473
0.81 -0.233122
0.82 -0.247898
0.83 -0.262802
0.84 -0.277833
0.85 -0.292992
0.86 -0.308278
0.87 -0.323691
0.88 -0.339233
0.89 -0.354901
0.9 -0.370697
0.91 -0.386621
0.92 -0.402672
0.93 -0.418851
0.94 -0.435157
0.95 -0.451591
0.96 -0.468152
0.97 -0.484841
0.98 -0.501657
0.99 -0.518601
1 -0.535672
1.01 -0.552871
1.02 -0.570197
1.03 -0.587651
1.04 -0.605232
1.05 -0.622941
1.06 -0.640777
1.07 -0.658741
1.08 -0.676832
1.09 -0.695051
1.1 -0.713397
1.11 -0.731871
1.12 -0.750472
1.13 -0.769201
1.14 -0.788057
1.15 -0.807041
1.16 -0.826152
1.17 -0.845391
1.18 -0.864757
1.19 -0.884251
1.2 -0.903872
1.21 -0.923621
1.22 -0.943497
1.23 -0.963501
1.24 -0.983633
1.25 -1.00389
1.26 -1.02428
1.27 -1.04479
1.28 -1.06543
1.29 -1.0862
1.3 -1.1071
1.31 -1.12812
1.32 -1.14927
1.33 -1.17055
1.34 -1.19196
1.35 -1.21349
1.36 -1.23515
1.37 -1.25694
1.38 -1.27886
1.39 -1.3009
1.4 -1.32307
1.41 -1.34537
1.42 -1.3678
1.43 -1.39035
1.44 -1.41304
1.45 -1.43584
1.46 -1.45878
1.47 -1.48184
1.48 -1.50504
1.49 -1.52835
1.5 -1.5518
1.51 -1.57538
1.52 -1.59908
1.53 -1.62291
1.54 -1.64686
1.55 -1.67095
1.56 -1.69516
1.57 -1.7195
1.58 -1.74396
1.59 -1.76856
1.6 -1.79328
1.61 -1.81813
1.62 -1.8431
1.63 -1.86821
1.64 -1.89344
1.65 -1.9188
1.66 -1.94429
1.67 -1.9699
1.68 -1.99564
1.69 -2.02151
1.7 -2.04751
1.71 -2.07363
1.72 -2.09988
1.73 -2.12626
1.74 -2.15277
1.75 -2.1794
1.76 -2.20616
1.77 -2.23305
1.78 -2.26007
1.79 -2.28721
1.8 -2.31448
1.81 -2.34188
1.82 -2.36941
1.83 -2.39706
1.84 -2.42485
1.85 -2.45276
1.86 -2.48079
1.87 -2.50896
1.88 -2.53725
1.89 -2.56567
1.9 -2.59421
1.91 -2.62289
1.92 -2.65169
1.93 -2.68062
1.94 -2.70968
1.95 -2.73886
1.96 -2.76817
1.97 -2.79761
1.98 -2.82718
1.99 -2.85687
