-5 7.44531
-4.99 7.43796
-4.98 7.43045
-4.97 7.42279
-4.96 7.41498
-4.95 7.40703
-4.94 7.39892
-4.93 7.39067
-4.92 7.38227
-4.91 7.37373
-4.9 7.36505
-4.89 7.35622
-4.88 7.34725
-4.87 7.33813
-4.86 7.32888
-4.85 7.31949
-4.84 7.30997
-4.83 7.3003
-4.82 7.2905
-4.81 7.28057
-4.8 7.2705
-4.79 7.26029
-4.78 7.24996
-4.77 7.23949
-4.76 7.2289
-4.75 7.21817
-4.74 7.20732
-4.73 7.19634
-4.72 7.18523
-4.71 7.174
-4.7 7.16264
-4.69 7.15116
-4.68 7.13956
-4.67 7.12783
-4.66 7.11599
-4.65 7.10402
-4.64 7.09194
-4.63 7.07973
-4.62 7.06742
-4.61 7.05498
-4.6 7.04243
-4.59 7.02977
-4.58 7.01699
-4.57 7.0041
-4.56 6.9911
-4.55 6.97799
-4.54 6.96476
-4.53 6.95143
-4.52 6.938
-4.51 6.92445
-4.5 6.9108
-4.49 6.89705
-4.48 6.88319
-4.47 6.86922
-4.46 6.85516
-4.45 6.84099
-4.44 6.82672
-4.43 6.81236
-4.42 6.79789
-4.41 6.78333
-4.4 6.76867
-4.39 6.75391
-4.38 6.73906
-4.37 6.72411
-4.36 6.70907
-4.35 6.69394
-4.34 6.67872
-4.33 6.6634
-4.32 6.648
-4.31 6.6325
-4.3 6.61692
-4.29 6.60125
-4.28 6.58549
-4.27 6.56965
-4.26 6.55372
-4.25 6.53771
-4.24 6.52162
-4.23 6.50544
-4.22 6.48919
-4.21 6.47285
-4.2 6.45643
-4.19 6.43994
-4.18 6.42336
-4.17 6.40671
-4.16 6.38998
-4.15 6.37318
-4.14 6.3563
-4.13 6.33935
-4.12 6.32232
-4.11 6.30523
-4.1 6.28806
-4.09 6.27082
-4.08 6.25351
-4.07 6.23613
-4.06 6.21869
-4.05 6.20117
-4.04 6.1836
-4.03 6.16595
-4.02 6.14824
-4.01 6.13047
-4 6.11263
-3.99 6.09473
-3.98 6.07677
-3.97 6.05875
-3.96 6.04067
-3.95 6.02253
-3.94 6.00433
-3.93 5.98607
-3.92 5.96776
-3.91 5.94939
-3.9 5.93096
-3.89 5.91248
-3.88 5.89395
-3.87 5.87536
-3.86 5.85673
-3.85 5.83804
-3.84 5.8193
-3.83 5.80051
-3.82 5.78167
-3.81 5.76278
-3.8 5.74385
-3.79 5.72487
-3.78 5.70584
-3.77 5.68677
-3.76 5.66765
-3.75 5.64849
-3.74 5.62929
-3.73 5.61004
-3.72 5.59075
-3.71 5.57142
-3.7 5.55206
-3.69 5.53265
-3.68 5.5132
-3.67 5.49372
-3.66 5.4742
-3.65 5.45464
-3.64 5.43505
-3.63 5.41543
-3.62 5.39576
-3.61 5.37607
-3.6 5.35634
-3.59 5.33659
-3.58 5.3168
-3.57 5.29698
-3.56 5.27713
-3.55 5.25725
-3.54 5.23734
-3.53 5.21741
-3.52 5.19744
-3.51 5.17746
-3.5 5.15744
-3.49 5.1374
-3.48 5.11734
-3.47 5.09726
-3.46 5.07715
-3.45 5.05702
-3.44 5.03687
-3.43 5.0167
-3.42 4.9965
-3.41 4.97629
-3.4 4.95606
-3.39 4.93582
-3.38 4.91555
-3.37 4.89527
-3.36 4.87497
-3.35 4.85466
-3.34 4.83434
-3.33 4.814
-3.32 4.79364
-3.31 4.77328
-3.3 4.7529
-3.29 4.73251
-3.28 4.71211
-3.27 4.69171
-3.26 4.67129
-3.25 4.65086
-3.24 4.63043
-3.23 4.60999
-3.22 4.58954
-3.21 4.56909
-3.2 4.54863
-3.19 4.52816
-3.18 4.5077
-3.17 4.48723
-3.16 4.46675
-3.15 4.44628
-3.14 4.4258
-3.13 4.40532
-3.12 4.38485
-3.11 4.36437
-3.1 4.34389
-3.09 4.32342
-3.08 4.30295
-3.07 4.28248
-3.06 4.26201
-3.05 4.24155
-3.04 4.2211
-3.03 4.20065
-3.02 4.1802
-3.01 4.15976
-3 4.13933
-2.99 4.11891
-2.98 4.09849
-2.97 4.07809
-2.96 4.05769
-2.95 4.03731
-2.94 4.01693
-2.93 3.99657
-2.92 3.97622
-2.91 3.95588
-2.9 3.93556
-2.89 3.91524
-2.88 3.89495
-2.87 3.87467
-2.86 3.8544
-2.85 3.83415
-2.84 3.81391
-2.83 3.7937
-2.82 3.7735
-2.81 3.75332
-2.8 3.73316
-2.79 3.71302
-2.78 3.69289
-2.77 3.67279
-2.76 3.65271
-2.75 3.63265
-2.74 3.61262
-2.73 3.59261
-2.72 3.57262
-2.71 3.55265
-2.7 3.53271
-2.69 3.51279
-2.68 3.4929
-2.67 3.47304
-2.66 3.4532
-2.65 3.43339
-2.64 3.41361
-2.63 3.39385
-2.62 3.37413
-2.61 3.35443
-2.6 3.33476
-2.59 3.31513
-2.58 3.29552
-2.57 3.27595
-2.56 3.2564
-2.55 3.23689
-2.54 3.21742
-2.53 3.19797
-2.52 3.17856
-2.51 3.15919
-2.5 3.13985
-2.49 3.12054
-2.48 3.10127
-2.47 3.08204
-2.46 3.06285
-2.45 3.04369
-2.44 3.02457
-2.43 3.00549
-2.42 2.98645
-2.41 2.96744
-2.4 2.94848
-2.39 2.92956
-2.38 2.91067
-2.37 2.89183
-2.36 2.87304
-2.35 2.85428
-2.34 2.83557
-2.33 2.8169
-2.32 2.79827
-2.31 2.77969
-2.3 2.76115
-2.29 2.74266
-2.28 2.72421
-2.27 2.70581
-2.26 2.68745
-2.25 2.66914
-2.24 2.65088
-2.23 2.63267
-2.22 2.61451
-2.21 2.59639
-2.2 2.57833
-2.19 2.56031
-2.18 2.54234
-2.17 2.52443
-2.16 2.50656
-2.15 2.48875
-2.14 2.47098
-2.13 2.45328
-2.12 2.43562
-2.11 2.41801
-2.1 2.40046
-2.09 2.38297
-2.08 2.36552
-2.07 2.34814
-2.06 2.3308
-2.05 2.31353
-2.04 2.29631
-2.03 2.27914
-2.02 2.26204
-2.01 2.24499
-2 2.22799
-1.99 2.21106
-1.98 2.19418
-1.97 2.17737
-1.96 2.16061
-1.95 2.14391
-1.94 2.12727
-1.93 2.11069
-1.92 2.09418
-1.91 2.07772
-1.9 2.06133
-1.89 2.045
-1.88 2.02873
-1.87 2.01252
-1.86 1.99637
-1.85 1.98029
-1.84 1.96428
-1.83 1.94832
-1.82 1.93244
-1.81 1.91661
-1.8 1.90086
-1.79 1.88516
-1.78 1.86954
-1.77 1.85398
-1.76 1.83849
-1.75 1.82306
-1.74 1.8077
-1.73 1.79241
-1.72 1.77719
-1.71 1.76204
-1.7 1.74695
-1.69 1.73194
-1.68 1.71699
-1.67 1.70211
-1.66 1.68731
-1.65 1.67257
-1.64 1.65791
-1.63 1.64331
-1.62 1.62879
-1.61 1.61434
-1.6 1.59996
-1.59 1.58566
-1.58 1.57143
-1.57 1.55727
-1.56 1.54318
-1.55 1.52917
-1.54 1.51523
-1.53 1.50137
-1.52 1.48758
-1.51 1.47386
-1.5 1.46023
-1.49 1.44666
-1.48 1.43318
-1.47 1.41976
-1.46 1.40643
-1.45 1.39317
-1.44 1.37999
-1.43 1.36689
-1.42 1.35386
-1.41 1.34092
-1.4 1.32805
-1.39 1.31526
-1.38 1.30254
-1.37 1.28991
-1.36 1.27736
-1.35 1.26488
-1.34 1.25249
-1.33 1.24018
-1.32 1.22794
-1.31 1.21579
-1.3 1.20372
-1.29 1.19173
-1.28 1.17982
-1.27 1.16799
-1.26 1.15625
-1.25 1.14459
-1.24 1.13301
-1.23 1.12151
-1.22 1.11009
-1.21 1.09876
-1.2 1.08752
-1.19 1.07635
-1.18 1.06527
-1.17 1.05428
-1.16 1.04336
-1.15 1.03254
-1.14 1.0218
-1.13 1.01114
-1.12 1.00057
-1.11 0.990083
-1.1 0.979683
-1.09 0.969369
-1.08 0.959142
-1.07 0.949001
-1.06 0.938947
-1.05 0.92898
-1.04 0.9191
-1.03 0.909307
-1.02 0.899602
-1.01 0.889984
-1 0.880455
-0.99 0.871014
-0.98 0.861661
-0.97 0.852396
-0.96 0.843221
-0.95 0.834134
-0.94 0.825136
-0.93 0.816228
-0.92 0.807409
-0.91 0.79868
-0.9 0.790041
-0.89 0.781492
-0.88 0.773034
-0.87 0.764665
-0.86 0.756387
-0.85 0.7482
-0.84 0.740104
-0.83 0.732099
-0.82 0.724186
-0.81 0.716364
-0.8 0.708633
-0.79 0.700994
-0.78 0.693447
-0.77 0.685993
-0.76 0.67863
-0.75 0.67136
-0.74 0.664183
-0.73 0.657098
-0.72 0.650106
-0.71 0.643207
-0.7 0.636401
-0.69 0.629688
-0.68 0.623069
-0.67 0.616544
-0.66 0.610112
-0.65 0.603774
-0.64 0.597529
-0.63 0.591379
-0.62 0.585324
-0.61 0.579362
-0.6 0.573495
-0.59 0.567723
-0.58 0.562045
-0.57 0.556462
-0.56 0.550974
-0.55 0.545581
-0.54 0.540284
-0.53 0.535081
-0.52 0.529974
-0.51 0.524962
-0.5 0.520046
-0.49 0.515226
-0.48 0.510502
-0.47 0.505873
-0.46 0.50134
-0.45 0.496904
-0.44 0.492563
-0.43 0.488319
-0.42 0.484171
-0.41 0.48012
-0.4 0.476165
-0.39 0.472307
-0.38 0.468545
-0.37 0.46488
-0.36 0.461312
-0.35 0.457841
-0.34 0.454467
-0.33 0.45119
-0.32 0.44801
-0.31 0.444927
-0.3 0.441942
-0.29 0.439053
-0.28 0.436262
-0.27 0.433569
-0.26 0.430973
-0.25 0.428474
-0.24 0.426073
-0.23 0.42377
-0.22 0.421564
-0.21 0.419456
-0.2 0.417446
-0.19 0.415534
-0.18 0.413719
-0.17 0.412002
-0.16 0.410383
-0.15 0.408863
-0.14 0.40744
-0.13 0.406115
-0.12 0.404888
-0.11 0.403759
-0.1 0.402728
-0.09 0.401796
-0.08 0.400961
-0.07 0.400225
-0.06 0.399587
-0.05 0.399047
-0.04 0.398605
-0.03 0.398261
-0.02 0.398016
-0.01 0.397868
-6.23078e-14 0.397819
0.01 0.397868
0.02 0.398016
0.03 0.398261
0.04 0.398605
0.05 0.399047
0.06 0.399587
0.07 0.400225
0.08 0.400961
0.09 0.401796
0.1 0.402728
0.11 0.403759
0.12 0.404888
0.13 0.406115
0.14 0.40744
0.15 0.408863
0.16 0.410383
0.17 0.412002
0.18 0.413719
0.19 0.415534
0.2 0.417446
0.21 0.419456
0.22 0.421564
0.23 0.42377
0.24 0.426073
0.25 0.428474
0.26 0.430973
0.27 0.433569
0.28 0.436262
0.29 0.439053
0.3 0.441942
0.31 0.444927
0.32 0.44801
0.33 0.45119
0.34 0.454467
0.35 0.457841
0.36 0.461312
0.37 0.46488
0.38 0.468545
0.39 0.472307
0.4 0.476165
0.41 0.48012
0.42 0.484171
0.43 0.488319
0.44 0.492563
0.45 0.496904
0.46 0.50134
0.47 0.505873
0.48 0.510502
0.49 0.515226
0.5 0.520046
0.51 0.524962
0.52 0.529974
0.53 0.535081
0.54 0.540284
0.55 0.545581
0.56 0.550974
0.57 0.556462
0.58 0.562045
0.59 0.567723
0.6 0.573495
0.61 0.579362
0.62 0.585324
0.63 0.591379
0.64 0.597529
0.65 0.603774
0.66 0.610112
0.67 0.616544
0.68 0.623069
0.69 0.629688
0.7 0.636401
0.71 0.643207
0.72 0.650106
0.73 0.657098
0.74 0.664183
0.75 0.67136
0.76 0.67863
0.77 0.685993
0.78 0.693447
0.79 0.700994
0.8 0.708633
0.81 0.716364
0.82 0.724186
0.83 0.732099
0.84 0.740104
0.85 0.7482
0.86 0.756387
0.87 0.764665
0.88 0.773034
0.89 0.781492
0.9 0.790041
0.91 0.79868
0.92 0.807409
0.93 0.816228
0.94 0.825136
0.95 0.834134
0.96 0.843221
0.97 0.852396
0.98 0.861661
0.99 0.871014
1 0.880455
1.01 0.889984
1.02 0.899602
1.03 0.909307
1.04 0.9191
1.05 0.92898
1.06 0.938947
1.07 0.949001
1.08 0.959142
1.09 0.969369
1.1 0.979683
1.11 0.990083
1.12 1.00057
1.13 1.01114
1.14 1.0218
1.15 1.03254
1.16 1.04336
1.17 1.05428
1.18 1.06527
1.19 1.07635
1.2 1.08752
1.21 1.09876
1.22 1.11009
1.23 1.12151
1.24 1.13301
1.25 1.14459
1.26 1.15625
1.27 1.16799
1.28 1.17982
1.29 1.19173
1.3 1.20372
1.31 1.21579
1.32 1.22794
1.33 1.24018
1.34 1.25249
1.35 1.26488
1.36 1.27736
1.37 1.28991
1.38 1.30254
1.39 1.31526
1.4 1.32805
1.41 1.34092
1.42 1.35386
1.43 1.36689
1.44 1.37999
1.45 1.39317
1.46 1.40643
1.47 1.41976
1.48 1.43318
1.49 1.44666
1.5 1.46023
1.51 1.47386
1.52 1.48758
1.53 1.50137
1.54 1.51523
1.55 1.52917
1.56 1.54318
1.57 1.55727
1.58 1.57143
1.59 1.58566
1.6 1.59996
1.61 1.61434
1.62 1.62879
1.63 1.64331
1.64 1.65791
1.65 1.67257
1.66 1.68731
1.67 1.70211
1.68 1.71699
1.69 1.73194
1.7 1.74695
1.71 1.76204
1.72 1.77719
1.73 1.79241
1.74 1.8077
1.75 1.82306
1.76 1.83849
1.77 1.85398
1.78 1.86954
1.79 1.88516
1.8 1.90086
1.81 1.91661
1.82 1.93244
1.83 1.94832
1.84 1.96428
1.85 1.98029
1.86 1.99637
1.87 2.01252
1.88 2.02873
1.89 2.045
1.9 2.06133
1.91 2.07772
1.92 2.09418
1.93 2.11069
1.94 2.12727
1.95 2.14391
1.96 2.16061
1.97 2.17737
1.98 2.19418
1.99 2.21106
2 2.22799
2.01 2.24499
2.02 2.26204
2.03 2.27914
2.04 2.29631
2.05 2.31353
2.06 2.3308
2.07 2.34814
2.08 2.36552
2.09 2.38297
2.1 2.40046
2.11 2.41801
2.12 2.43562
2.13 2.45328
2.14 2.47098
2.15 2.48875
2.16 2.50656
2.17 2.52443
2.18 2.54234
2.19 2.56031
2.2 2.57833
2.21 2.59639
2.22 2.61451
2.23 2.63267
2.24 2.65088
2.25 2.66914
2.26 2.68745
2.27 2.70581
2.28 2.72421
2.29 2.74266
2.3 2.76115
2.31 2.77969
2.32 2.79827
2.33 2.8169
2.34 2.83557
2.35 2.85428
2.36 2.87304
2.37 2.89183
2.38 2.91067
2.39 2.92956
2.4 2.94848
2.41 2.96744
2.42 2.98645
2.43 3.00549
2.44 3.02457
2.45 3.04369
2.46 3.06285
2.47 3.08204
2.48 3.10127
2.49 3.12054
2.5 3.13985
2.51 3.15919
2.52 3.17856
2.53 3.19797
2.54 3.21742
2.55 3.23689
2.56 3.2564
2.57 3.27595
2.58 3.29552
2.59 3.31513
2.6 3.33476
2.61 3.35443
2.62 3.37413
2.63 3.39385
2.64 3.41361
2.65 3.43339
2.66 3.4532
2.67 3.47304
2.68 3.4929
2.69 3.51279
2.7 3.53271
2.71 3.55265
2.72 3.57262
2.73 3.59261
2.74 3.61262
2.75 3.63265
2.76 3.65271
2.77 3.67279
2.78 3.69289
2.79 3.71302
2.8 3.73316
2.81 3.75332
2.82 3.7735
2.83 3.7937
2.84 3.81391
2.85 3.83415
2.86 3.8544
2.87 3.87467
2.88 3.89495
2.89 3.91524
2.9 3.93556
2.91 3.95588
2.92 3.97622
2.93 3.99657
2.94 4.01693
2.95 4.03731
2.96 4.05769
2.97 4.07809
2.98 4.09849
2.99 4.11891
3 4.13933
3.01 4.15976
3.02 4.1802
3.03 4.20065
3.04 4.2211
3.05 4.24155
3.06 4.26201
3.07 4.28248
3.08 4.30295
3.09 4.32342
3.1 4.34389
3.11 4.36437
3.12 4.38485
3.13 4.40532
3.14 4.4258
3.15 4.44628
3.16 4.46675
3.17 4.48723
3.18 4.5077
3.19 4.52816
3.2 4.54863
3.21 4.56909
3.22 4.58954
3.23 4.60999
3.24 4.63043
3.25 4.65086
3.26 4.67129
3.27 4.69171
3.28 4.71211
3.29 4.73251
3.3 4.7529
3.31 4.77328
3.32 4.79364
3.33 4.814
3.34 4.83434
3.35 4.85466
3.36 4.87497
3.37 4.89527
3.38 4.91555
3.39 4.93582
3.4 4.95606
3.41 4.97629
3.42 4.9965
3.43 5.0167
3.44 5.03687
3.45 5.05702
3.46 5.07715
3.47 5.09726
3.48 5.11734
3.49 5.1374
3.5 5.15744
3.51 5.17746
3.52 5.19744
3.53 5.21741
3.54 5.23734
3.55 5.25725
3.56 5.27713
3.57 5.29698
3.58 5.3168
3.59 5.33659
3.6 5.35634
3.61 5.37607
3.62 5.39576
3.63 5.41543
3.64 5.43505
3.65 5.45464
3.66 5.4742
3.67 5.49372
3.68 5.5132
3.69 5.53265
3.7 5.55206
3.71 5.57142
3.72 5.59075
3.73 5.61004
3.74 5.62929
3.75 5.64849
3.76 5.66765
3.77 5.68677
3.78 5.70584
3.79 5.72487
3.8 5.74385
3.81 5.76278
3.82 5.78167
3.83 5.80051
3.84 5.8193
3.85 5.83804
3.86 5.85673
3.87 5.87536
3.88 5.89395
3.89 5.91248
3.9 5.93096
3.91 5.94939
3.92 5.96776
3.93 5.98607
3.94 6.00433
3.95 6.02253
3.96 6.04067
3.97 6.05875
3.98 6.07677
3.99 6.09473
4 6.11263
4.01 6.13047
4.02 6.14824
4.03 6.16595
4.04 6.1836
4.05 6.20117
4.06 6.21869
4.07 6.23613
4.08 6.25351
4.09 6.27082
4.1 6.28806
4.11 6.30523
4.12 6.32232
4.13 6.33935
4.14 6.3563
4.15 6.37318
4.16 6.38998
4.17 6.40671
4.18 6.42336
4.19 6.43994
4.2 6.45643
4.21 6.47285
4.22 6.48919
4.23 6.50544
4.24 6.52162
4.25 6.53771
4.26 6.55372
4.27 6.56965
4.28 6.58549
4.29 6.60125
4.3 6.61692
4.31 6.6325
4.32 6.648
4.33 6.6634
4.34 6.67872
4.35 6.69394
4.36 6.70907
4.37 6.72411
4.38 6.73906
4.39 6.75391
4.4 6.76867
4.41 6.78333
4.42 6.79789
4.43 6.81236
4.44 6.82672
4.45 6.84099
4.46 6.85516
4.47 6.86922
4.48 6.88319
4.49 6.89705
4.5 6.9108
4.51 6.92445
4.52 6.938
4.53 6.95143
4.54 6.96476
4.55 6.97799
4.56 6.9911
4.57 7.0041
4.58 7.01699
4.59 7.02977
4.6 7.04243
4.61 7.05498
4.62 7.06742
4.63 7.07973
4.64 7.09194
4.65 7.10402
4.66 7.11599
4.67 7.12783
4.68 7.13956
4.69 7.15116
4.7 7.16264
4.71 7.174
4.72 7.18523
4.73 7.19634
4.74 7.20732
4.75 7.21817
4.76 7.2289
4.77 7.23949
4.78 7.24996
4.79 7.26029
4.8 7.2705
4.81 7.28057
4.82 7.2905
4.83 7.3003
4.84 7.30997
4.85 7.31949
4.86 7.32888
4.87 7.33813
4.88 7.34725
4.89 7.35622
4.9 7.36505
4.91 7.37373
4.92 7.38227
4.93 7.39067
4.94 7.39892
4.95 7.40703
4.96 7.41498
4.97 7.42279
4.98 7.43045
4.99 7.43796
5 7.44531
